batch 1  MS-SSIM: 0.94658	0.97515	0.98385	0.98841	0.99106	0.99288	0.99429	0.99532	0.99605	0.99664	0.99711	0.99746	0.99773	0.99793	0.99808	0.99818
batch 2  MS-SSIM: 0.91883	0.96251	0.97647	0.98361	0.98792	0.99075	0.99264	0.99398	0.99494	0.99569	0.99630	0.99676	0.99716	0.99743	0.99763	0.99777
batch 3  MS-SSIM: 0.93768	0.97248	0.98293	0.98814	0.99124	0.99327	0.99463	0.99559	0.99627	0.99682	0.99726	0.99758	0.99787	0.99807	0.99821	0.99831
batch 4  MS-SSIM: 0.92631	0.96680	0.97949	0.98565	0.98916	0.99153	0.99315	0.99432	0.99515	0.99582	0.99637	0.99678	0.99713	0.99739	0.99757	0.99770
batch 5  MS-SSIM: 0.92003	0.96320	0.97719	0.98395	0.98775	0.99035	0.99213	0.99345	0.99439	0.99513	0.99576	0.99623	0.99663	0.99692	0.99712	0.99728
batch 6  MS-SSIM: 0.91556	0.96076	0.97576	0.98293	0.98693	0.98968	0.99153	0.99293	0.99392	0.99471	0.99539	0.99590	0.99632	0.99663	0.99686	0.99703
batch 7  MS-SSIM: 0.91916	0.96224	0.97658	0.98348	0.98735	0.99002	0.99185	0.99320	0.99416	0.99493	0.99559	0.99608	0.99649	0.99679	0.99701	0.99717
batch 8  MS-SSIM: 0.92199	0.96421	0.97793	0.98451	0.98818	0.99069	0.99240	0.99366	0.99456	0.99527	0.99588	0.99633	0.99672	0.99699	0.99720	0.99735
batch 9  MS-SSIM: 0.92622	0.96675	0.97957	0.98569	0.98910	0.99142	0.99299	0.99416	0.99498	0.99564	0.99619	0.99661	0.99697	0.99722	0.99741	0.99755
batch 10  MS-SSIM: 0.92808	0.96771	0.98020	0.98614	0.98945	0.99171	0.99322	0.99434	0.99513	0.99576	0.99629	0.99670	0.99704	0.99729	0.99747	0.99760
batch 11  MS-SSIM: 0.92489	0.96623	0.97935	0.98559	0.98912	0.99150	0.99307	0.99424	0.99505	0.99569	0.99624	0.99666	0.99702	0.99727	0.99746	0.99759
batch 12  MS-SSIM: 0.92243	0.96510	0.97872	0.98524	0.98893	0.99139	0.99301	0.99419	0.99501	0.99567	0.99622	0.99666	0.99702	0.99728	0.99747	0.99761
batch 13  MS-SSIM: 0.92034	0.96394	0.97797	0.98468	0.98846	0.99097	0.99266	0.99390	0.99475	0.99544	0.99602	0.99647	0.99685	0.99712	0.99732	0.99746
batch 14  MS-SSIM: 0.91885	0.96294	0.97712	0.98398	0.98786	0.99045	0.99220	0.99349	0.99438	0.99510	0.99571	0.99618	0.99659	0.99687	0.99709	0.99724
batch 15  MS-SSIM: 0.92085	0.96389	0.97766	0.98433	0.98812	0.99067	0.99239	0.99365	0.99452	0.99523	0.99582	0.99629	0.99668	0.99696	0.99717	0.99731
batch 16  MS-SSIM: 0.92220	0.96485	0.97831	0.98482	0.98851	0.99098	0.99264	0.99386	0.99470	0.99538	0.99595	0.99640	0.99679	0.99705	0.99725	0.99740
batch 17  MS-SSIM: 0.92150	0.96454	0.97813	0.98470	0.98844	0.99093	0.99260	0.99383	0.99468	0.99536	0.99594	0.99639	0.99678	0.99705	0.99725	0.99740
batch 18  MS-SSIM: 0.92051	0.96402	0.97777	0.98445	0.98827	0.99081	0.99251	0.99375	0.99461	0.99530	0.99588	0.99635	0.99674	0.99702	0.99722	0.99737
batch 19  MS-SSIM: 0.92053	0.96373	0.97745	0.98415	0.98800	0.99058	0.99231	0.99357	0.99444	0.99515	0.99574	0.99622	0.99663	0.99691	0.99713	0.99728
batch 20  MS-SSIM: 0.92250	0.96493	0.97823	0.98471	0.98843	0.99092	0.99258	0.99380	0.99464	0.99532	0.99589	0.99635	0.99674	0.99702	0.99723	0.99738
batch 21  MS-SSIM: 0.92371	0.96550	0.97856	0.98494	0.98859	0.99105	0.99269	0.99390	0.99472	0.99540	0.99596	0.99641	0.99680	0.99707	0.99727	0.99742
batch 22  MS-SSIM: 0.92239	0.96476	0.97810	0.98460	0.98832	0.99082	0.99250	0.99373	0.99458	0.99527	0.99585	0.99631	0.99671	0.99699	0.99720	0.99734
batch 23  MS-SSIM: 0.92231	0.96458	0.97790	0.98439	0.98813	0.99065	0.99234	0.99358	0.99443	0.99514	0.99572	0.99620	0.99661	0.99689	0.99711	0.99726
batch 24  MS-SSIM: 0.92471	0.96579	0.97866	0.98493	0.98855	0.99097	0.99261	0.99380	0.99463	0.99530	0.99587	0.99632	0.99672	0.99699	0.99720	0.99735
batch 25  MS-SSIM: 0.92414	0.96553	0.97852	0.98483	0.98848	0.99093	0.99257	0.99377	0.99460	0.99529	0.99585	0.99631	0.99671	0.99699	0.99720	0.99735
batch 26  MS-SSIM: 0.92485	0.96607	0.97890	0.98512	0.98871	0.99112	0.99272	0.99390	0.99471	0.99538	0.99594	0.99639	0.99678	0.99705	0.99725	0.99740
batch 27  MS-SSIM: 0.92624	0.96689	0.97943	0.98550	0.98900	0.99134	0.99291	0.99406	0.99485	0.99550	0.99604	0.99648	0.99686	0.99712	0.99732	0.99746
batch 28  MS-SSIM: 0.92606	0.96661	0.97917	0.98526	0.98878	0.99116	0.99274	0.99390	0.99470	0.99537	0.99591	0.99637	0.99676	0.99703	0.99724	0.99738
batch 29  MS-SSIM: 0.92653	0.96699	0.97947	0.98549	0.98897	0.99131	0.99287	0.99401	0.99479	0.99545	0.99598	0.99643	0.99681	0.99708	0.99728	0.99743
batch 30  MS-SSIM: 0.92737	0.96762	0.97990	0.98581	0.98921	0.99150	0.99302	0.99414	0.99491	0.99555	0.99607	0.99651	0.99688	0.99715	0.99734	0.99748
batch 31  MS-SSIM: 0.92789	0.96798	0.98016	0.98601	0.98937	0.99163	0.99313	0.99424	0.99499	0.99562	0.99614	0.99656	0.99693	0.99719	0.99738	0.99752
batch 32  MS-SSIM: 0.92665	0.96745	0.97985	0.98583	0.98926	0.99156	0.99309	0.99420	0.99497	0.99560	0.99612	0.99655	0.99692	0.99718	0.99738	0.99752
batch 33  MS-SSIM: 0.92728	0.96771	0.97999	0.98593	0.98933	0.99161	0.99313	0.99424	0.99500	0.99563	0.99615	0.99658	0.99695	0.99721	0.99740	0.99754
batch 34  MS-SSIM: 0.92639	0.96732	0.97975	0.98576	0.98921	0.99153	0.99306	0.99418	0.99495	0.99559	0.99612	0.99655	0.99692	0.99719	0.99738	0.99752
batch 35  MS-SSIM: 0.92685	0.96764	0.97999	0.98595	0.98936	0.99164	0.99316	0.99426	0.99502	0.99565	0.99617	0.99659	0.99696	0.99722	0.99742	0.99755
batch 36  MS-SSIM: 0.92756	0.96792	0.98015	0.98606	0.98944	0.99170	0.99321	0.99431	0.99507	0.99569	0.99620	0.99663	0.99699	0.99725	0.99744	0.99758
batch 37  MS-SSIM: 0.92796	0.96820	0.98035	0.98621	0.98956	0.99181	0.99330	0.99438	0.99513	0.99574	0.99625	0.99667	0.99703	0.99728	0.99747	0.99760
batch 38  MS-SSIM: 0.92933	0.96886	0.98077	0.98651	0.98979	0.99198	0.99344	0.99450	0.99523	0.99583	0.99632	0.99673	0.99709	0.99733	0.99752	0.99765
batch 39  MS-SSIM: 0.92915	0.96865	0.98058	0.98633	0.98964	0.99185	0.99333	0.99439	0.99513	0.99574	0.99625	0.99666	0.99702	0.99728	0.99747	0.99760
batch 40  MS-SSIM: 0.92845	0.96813	0.98019	0.98601	0.98937	0.99162	0.99312	0.99421	0.99497	0.99559	0.99611	0.99653	0.99691	0.99717	0.99736	0.99750
batch 41  MS-SSIM: 0.92888	0.96833	0.98031	0.98609	0.98941	0.99166	0.99316	0.99424	0.99500	0.99562	0.99613	0.99656	0.99693	0.99718	0.99738	0.99752
batch 42  MS-SSIM: 0.92806	0.96789	0.98004	0.98590	0.98926	0.99153	0.99305	0.99416	0.99492	0.99555	0.99607	0.99650	0.99688	0.99714	0.99734	0.99748
batch 43  MS-SSIM: 0.92727	0.96748	0.97981	0.98573	0.98912	0.99142	0.99296	0.99407	0.99485	0.99549	0.99602	0.99645	0.99683	0.99710	0.99730	0.99744
batch 44  MS-SSIM: 0.92788	0.96790	0.98009	0.98594	0.98928	0.99155	0.99306	0.99416	0.99493	0.99556	0.99608	0.99651	0.99688	0.99714	0.99734	0.99748
batch 45  MS-SSIM: 0.92898	0.96845	0.98045	0.98619	0.98947	0.99170	0.99319	0.99427	0.99501	0.99564	0.99615	0.99657	0.99693	0.99719	0.99738	0.99752
batch 46  MS-SSIM: 0.92938	0.96864	0.98058	0.98629	0.98955	0.99176	0.99324	0.99431	0.99505	0.99567	0.99617	0.99659	0.99695	0.99721	0.99740	0.99753
batch 47  MS-SSIM: 0.93039	0.96915	0.98091	0.98652	0.98973	0.99191	0.99335	0.99441	0.99514	0.99574	0.99624	0.99665	0.99700	0.99725	0.99744	0.99757
batch 48  MS-SSIM: 0.93068	0.96927	0.98096	0.98655	0.98976	0.99192	0.99337	0.99443	0.99516	0.99576	0.99626	0.99666	0.99702	0.99727	0.99745	0.99758
batch 49  MS-SSIM: 0.93130	0.96965	0.98121	0.98673	0.98990	0.99203	0.99346	0.99450	0.99522	0.99582	0.99631	0.99671	0.99706	0.99730	0.99749	0.99762
batch 50  MS-SSIM: 0.93055	0.96926	0.98097	0.98657	0.98976	0.99192	0.99337	0.99442	0.99515	0.99576	0.99625	0.99666	0.99701	0.99726	0.99745	0.99758
batch 51  MS-SSIM: 0.93010	0.96905	0.98085	0.98649	0.98971	0.99189	0.99334	0.99440	0.99513	0.99574	0.99624	0.99665	0.99701	0.99726	0.99744	0.99758
batch 52  MS-SSIM: 0.92968	0.96885	0.98074	0.98642	0.98966	0.99185	0.99331	0.99438	0.99512	0.99573	0.99623	0.99664	0.99700	0.99725	0.99744	0.99757
batch 53  MS-SSIM: 0.92903	0.96849	0.98052	0.98627	0.98954	0.99176	0.99323	0.99431	0.99506	0.99568	0.99618	0.99660	0.99696	0.99721	0.99741	0.99754
batch 54  MS-SSIM: 0.92952	0.96882	0.98074	0.98644	0.98967	0.99186	0.99332	0.99438	0.99512	0.99573	0.99623	0.99664	0.99700	0.99725	0.99744	0.99757
batch 55  MS-SSIM: 0.92981	0.96894	0.98081	0.98648	0.98970	0.99188	0.99334	0.99441	0.99514	0.99575	0.99625	0.99666	0.99701	0.99726	0.99745	0.99758
batch 56  MS-SSIM: 0.93011	0.96909	0.98091	0.98656	0.98976	0.99193	0.99338	0.99444	0.99517	0.99577	0.99627	0.99668	0.99703	0.99728	0.99746	0.99759
batch 57  MS-SSIM: 0.92949	0.96874	0.98070	0.98641	0.98964	0.99183	0.99330	0.99437	0.99511	0.99572	0.99622	0.99663	0.99699	0.99724	0.99743	0.99756
batch 58  MS-SSIM: 0.92978	0.96887	0.98076	0.98645	0.98967	0.99186	0.99332	0.99439	0.99513	0.99574	0.99624	0.99665	0.99701	0.99726	0.99744	0.99758
batch 59  MS-SSIM: 0.92942	0.96869	0.98067	0.98639	0.98963	0.99183	0.99330	0.99437	0.99511	0.99573	0.99623	0.99664	0.99700	0.99725	0.99744	0.99757
batch 60  MS-SSIM: 0.92895	0.96835	0.98040	0.98617	0.98945	0.99167	0.99316	0.99425	0.99500	0.99562	0.99614	0.99655	0.99692	0.99717	0.99737	0.99750
batch 61  MS-SSIM: 0.92843	0.96798	0.98012	0.98593	0.98925	0.99151	0.99302	0.99412	0.99488	0.99552	0.99604	0.99646	0.99684	0.99710	0.99729	0.99743
batch 62  MS-SSIM: 0.92872	0.96813	0.98022	0.98601	0.98931	0.99156	0.99306	0.99415	0.99491	0.99554	0.99606	0.99648	0.99685	0.99711	0.99731	0.99744
batch 63  MS-SSIM: 0.92820	0.96791	0.98011	0.98595	0.98928	0.99153	0.99304	0.99414	0.99490	0.99554	0.99606	0.99648	0.99685	0.99711	0.99731	0.99745
batch 64  MS-SSIM: 0.92777	0.96760	0.97987	0.98575	0.98912	0.99139	0.99292	0.99403	0.99480	0.99545	0.99597	0.99640	0.99678	0.99705	0.99725	0.99739
batch 65  MS-SSIM: 0.92766	0.96748	0.97976	0.98565	0.98903	0.99132	0.99285	0.99398	0.99475	0.99540	0.99593	0.99636	0.99675	0.99701	0.99722	0.99736
batch 66  MS-SSIM: 0.92713	0.96722	0.97961	0.98557	0.98898	0.99128	0.99283	0.99396	0.99474	0.99539	0.99592	0.99636	0.99675	0.99701	0.99722	0.99736
batch 67  MS-SSIM: 0.92706	0.96710	0.97951	0.98548	0.98890	0.99122	0.99277	0.99391	0.99469	0.99535	0.99588	0.99633	0.99672	0.99699	0.99719	0.99734
batch 68  MS-SSIM: 0.92698	0.96698	0.97940	0.98538	0.98881	0.99115	0.99271	0.99386	0.99464	0.99531	0.99584	0.99629	0.99668	0.99696	0.99717	0.99731
batch 69  MS-SSIM: 0.92651	0.96675	0.97926	0.98527	0.98873	0.99108	0.99265	0.99381	0.99460	0.99527	0.99581	0.99626	0.99666	0.99693	0.99714	0.99729
batch 70  MS-SSIM: 0.92696	0.96704	0.97945	0.98541	0.98884	0.99116	0.99272	0.99387	0.99465	0.99532	0.99585	0.99630	0.99669	0.99696	0.99717	0.99732
batch 71  MS-SSIM: 0.92649	0.96678	0.97929	0.98530	0.98875	0.99109	0.99266	0.99382	0.99461	0.99528	0.99582	0.99627	0.99666	0.99694	0.99715	0.99729
batch 72  MS-SSIM: 0.92614	0.96653	0.97909	0.98513	0.98861	0.99097	0.99255	0.99372	0.99452	0.99520	0.99574	0.99620	0.99660	0.99688	0.99709	0.99724
batch 73  MS-SSIM: 0.92646	0.96667	0.97917	0.98519	0.98865	0.99101	0.99259	0.99375	0.99455	0.99522	0.99577	0.99622	0.99662	0.99689	0.99711	0.99725
batch 74  MS-SSIM: 0.92668	0.96683	0.97929	0.98528	0.98872	0.99106	0.99264	0.99379	0.99458	0.99525	0.99580	0.99625	0.99664	0.99692	0.99713	0.99727
batch 75  MS-SSIM: 0.92637	0.96667	0.97919	0.98521	0.98868	0.99103	0.99261	0.99377	0.99457	0.99524	0.99578	0.99624	0.99663	0.99691	0.99712	0.99727
batch 76  MS-SSIM: 0.92665	0.96680	0.97929	0.98528	0.98874	0.99108	0.99265	0.99381	0.99460	0.99526	0.99581	0.99626	0.99665	0.99692	0.99714	0.99728
batch 77  MS-SSIM: 0.92621	0.96660	0.97917	0.98522	0.98870	0.99105	0.99263	0.99379	0.99459	0.99526	0.99580	0.99625	0.99665	0.99692	0.99714	0.99728
batch 78  MS-SSIM: 0.92600	0.96649	0.97910	0.98517	0.98866	0.99103	0.99262	0.99378	0.99458	0.99525	0.99579	0.99625	0.99664	0.99692	0.99713	0.99728
batch 79  MS-SSIM: 0.92649	0.96677	0.97928	0.98530	0.98876	0.99111	0.99268	0.99383	0.99462	0.99529	0.99583	0.99628	0.99667	0.99695	0.99716	0.99730
batch 80  MS-SSIM: 0.92714	0.96710	0.97950	0.98545	0.98888	0.99120	0.99276	0.99390	0.99468	0.99534	0.99587	0.99632	0.99671	0.99698	0.99719	0.99733
batch 81  MS-SSIM: 0.92676	0.96695	0.97941	0.98541	0.98885	0.99119	0.99275	0.99389	0.99468	0.99534	0.99587	0.99632	0.99671	0.99698	0.99719	0.99733
batch 82  MS-SSIM: 0.92695	0.96710	0.97952	0.98549	0.98892	0.99124	0.99279	0.99393	0.99471	0.99537	0.99590	0.99634	0.99673	0.99700	0.99721	0.99735
batch 83  MS-SSIM: 0.92662	0.96689	0.97936	0.98536	0.98881	0.99115	0.99271	0.99386	0.99465	0.99531	0.99585	0.99630	0.99669	0.99696	0.99717	0.99731
batch 84  MS-SSIM: 0.92725	0.96721	0.97956	0.98550	0.98892	0.99124	0.99279	0.99392	0.99470	0.99535	0.99589	0.99633	0.99672	0.99699	0.99719	0.99734
batch 85  MS-SSIM: 0.92742	0.96734	0.97965	0.98558	0.98898	0.99129	0.99283	0.99395	0.99473	0.99538	0.99591	0.99635	0.99674	0.99701	0.99721	0.99735
batch 86  MS-SSIM: 0.92770	0.96746	0.97973	0.98563	0.98902	0.99132	0.99285	0.99398	0.99475	0.99540	0.99593	0.99637	0.99675	0.99702	0.99722	0.99737
batch 87  MS-SSIM: 0.92803	0.96768	0.97988	0.98574	0.98911	0.99139	0.99291	0.99403	0.99479	0.99544	0.99596	0.99640	0.99678	0.99704	0.99724	0.99739
batch 88  MS-SSIM: 0.92782	0.96758	0.97981	0.98569	0.98907	0.99136	0.99289	0.99401	0.99478	0.99543	0.99595	0.99639	0.99677	0.99704	0.99724	0.99738
batch 89  MS-SSIM: 0.92772	0.96748	0.97972	0.98561	0.98900	0.99130	0.99284	0.99396	0.99474	0.99539	0.99592	0.99636	0.99674	0.99701	0.99722	0.99736
batch 90  MS-SSIM: 0.92790	0.96760	0.97981	0.98568	0.98906	0.99135	0.99288	0.99400	0.99477	0.99541	0.99594	0.99638	0.99676	0.99703	0.99723	0.99737
batch 91  MS-SSIM: 0.92758	0.96744	0.97972	0.98563	0.98902	0.99133	0.99286	0.99399	0.99476	0.99541	0.99594	0.99638	0.99676	0.99703	0.99723	0.99738
batch 92  MS-SSIM: 0.92812	0.96772	0.97989	0.98576	0.98912	0.99141	0.99293	0.99404	0.99480	0.99545	0.99597	0.99641	0.99679	0.99705	0.99726	0.99740
batch 93  MS-SSIM: 0.92779	0.96748	0.97971	0.98561	0.98900	0.99130	0.99283	0.99396	0.99473	0.99538	0.99591	0.99635	0.99674	0.99700	0.99721	0.99735
batch 94  MS-SSIM: 0.92802	0.96760	0.97978	0.98565	0.98903	0.99133	0.99286	0.99398	0.99475	0.99540	0.99593	0.99637	0.99675	0.99702	0.99722	0.99736
batch 95  MS-SSIM: 0.92766	0.96741	0.97967	0.98558	0.98897	0.99128	0.99282	0.99394	0.99472	0.99537	0.99590	0.99635	0.99673	0.99700	0.99721	0.99735
batch 96  MS-SSIM: 0.92735	0.96719	0.97950	0.98543	0.98885	0.99118	0.99273	0.99386	0.99465	0.99531	0.99584	0.99629	0.99668	0.99695	0.99716	0.99731
batch 97  MS-SSIM: 0.92706	0.96699	0.97934	0.98531	0.98875	0.99109	0.99265	0.99379	0.99458	0.99525	0.99579	0.99624	0.99663	0.99691	0.99712	0.99727
batch 98  MS-SSIM: 0.92677	0.96686	0.97926	0.98525	0.98871	0.99106	0.99263	0.99378	0.99457	0.99524	0.99578	0.99623	0.99663	0.99690	0.99712	0.99726
batch 99  MS-SSIM: 0.92649	0.96666	0.97911	0.98513	0.98861	0.99097	0.99255	0.99371	0.99451	0.99518	0.99573	0.99619	0.99658	0.99686	0.99708	0.99723
batch 100  MS-SSIM: 0.92669	0.96676	0.97919	0.98518	0.98865	0.99101	0.99258	0.99373	0.99453	0.99520	0.99574	0.99620	0.99660	0.99687	0.99709	0.99724
batch 101  MS-SSIM: 0.92663	0.96668	0.97912	0.98512	0.98860	0.99097	0.99254	0.99370	0.99450	0.99517	0.99572	0.99618	0.99658	0.99686	0.99707	0.99722
batch 102  MS-SSIM: 0.92636	0.96649	0.97897	0.98499	0.98849	0.99088	0.99247	0.99363	0.99444	0.99512	0.99567	0.99613	0.99653	0.99682	0.99703	0.99718
batch 103  MS-SSIM: 0.92669	0.96669	0.97910	0.98509	0.98857	0.99094	0.99252	0.99368	0.99447	0.99515	0.99570	0.99616	0.99656	0.99684	0.99705	0.99720
batch 104  MS-SSIM: 0.92699	0.96688	0.97924	0.98519	0.98865	0.99100	0.99257	0.99372	0.99451	0.99518	0.99573	0.99618	0.99658	0.99686	0.99707	0.99722
batch 105  MS-SSIM: 0.92693	0.96680	0.97916	0.98512	0.98859	0.99095	0.99253	0.99368	0.99448	0.99515	0.99570	0.99616	0.99656	0.99684	0.99705	0.99720
batch 106  MS-SSIM: 0.92710	0.96690	0.97922	0.98517	0.98863	0.99099	0.99255	0.99370	0.99450	0.99517	0.99571	0.99617	0.99657	0.99685	0.99706	0.99721
batch 107  MS-SSIM: 0.92740	0.96708	0.97935	0.98526	0.98870	0.99105	0.99260	0.99375	0.99453	0.99520	0.99574	0.99619	0.99659	0.99687	0.99708	0.99723
batch 108  MS-SSIM: 0.92705	0.96694	0.97927	0.98522	0.98868	0.99103	0.99259	0.99374	0.99453	0.99520	0.99574	0.99619	0.99659	0.99687	0.99708	0.99723
batch 109  MS-SSIM: 0.92699	0.96685	0.97920	0.98516	0.98862	0.99098	0.99255	0.99370	0.99449	0.99516	0.99571	0.99617	0.99657	0.99685	0.99706	0.99721
batch 110  MS-SSIM: 0.92686	0.96679	0.97915	0.98513	0.98861	0.99097	0.99254	0.99370	0.99449	0.99516	0.99571	0.99617	0.99657	0.99685	0.99706	0.99721
batch 111  MS-SSIM: 0.92704	0.96688	0.97921	0.98517	0.98864	0.99100	0.99257	0.99372	0.99451	0.99518	0.99572	0.99618	0.99658	0.99686	0.99707	0.99722
batch 112  MS-SSIM: 0.92677	0.96673	0.97913	0.98513	0.98861	0.99098	0.99255	0.99371	0.99450	0.99518	0.99572	0.99618	0.99658	0.99686	0.99708	0.99723
batch 113  MS-SSIM: 0.92694	0.96682	0.97919	0.98517	0.98865	0.99101	0.99258	0.99373	0.99452	0.99519	0.99574	0.99619	0.99659	0.99687	0.99709	0.99723
batch 114  MS-SSIM: 0.92736	0.96704	0.97934	0.98528	0.98873	0.99107	0.99263	0.99378	0.99456	0.99523	0.99577	0.99622	0.99662	0.99689	0.99711	0.99725
batch 115  MS-SSIM: 0.92752	0.96713	0.97939	0.98532	0.98876	0.99110	0.99266	0.99380	0.99458	0.99524	0.99578	0.99623	0.99663	0.99690	0.99711	0.99726
batch 116  MS-SSIM: 0.92727	0.96702	0.97933	0.98528	0.98873	0.99108	0.99264	0.99378	0.99457	0.99523	0.99577	0.99623	0.99662	0.99690	0.99711	0.99726
batch 117  MS-SSIM: 0.92770	0.96724	0.97947	0.98538	0.98881	0.99114	0.99269	0.99383	0.99461	0.99527	0.99580	0.99625	0.99664	0.99692	0.99713	0.99728
batch 118  MS-SSIM: 0.92763	0.96717	0.97941	0.98533	0.98877	0.99111	0.99266	0.99379	0.99458	0.99524	0.99577	0.99623	0.99662	0.99690	0.99711	0.99726
batch 119  MS-SSIM: 0.92778	0.96725	0.97947	0.98537	0.98880	0.99113	0.99268	0.99381	0.99459	0.99525	0.99579	0.99624	0.99663	0.99691	0.99712	0.99727
batch 120  MS-SSIM: 0.92818	0.96746	0.97960	0.98547	0.98888	0.99119	0.99273	0.99386	0.99463	0.99529	0.99582	0.99626	0.99666	0.99693	0.99714	0.99728
batch 121  MS-SSIM: 0.92831	0.96756	0.97968	0.98552	0.98892	0.99123	0.99276	0.99388	0.99465	0.99531	0.99583	0.99628	0.99667	0.99694	0.99715	0.99730
batch 122  MS-SSIM: 0.92803	0.96742	0.97959	0.98547	0.98887	0.99119	0.99273	0.99386	0.99463	0.99529	0.99582	0.99627	0.99666	0.99693	0.99714	0.99729
batch 123  MS-SSIM: 0.92843	0.96763	0.97973	0.98556	0.98895	0.99125	0.99278	0.99390	0.99467	0.99532	0.99585	0.99629	0.99668	0.99695	0.99716	0.99730
batch 124  MS-SSIM: 0.92812	0.96747	0.97964	0.98551	0.98891	0.99123	0.99276	0.99389	0.99466	0.99531	0.99584	0.99629	0.99668	0.99695	0.99716	0.99730
batch 125  MS-SSIM: 0.92823	0.96756	0.97970	0.98556	0.98895	0.99126	0.99279	0.99391	0.99468	0.99533	0.99586	0.99630	0.99669	0.99696	0.99717	0.99731
batch 126  MS-SSIM: 0.92792	0.96741	0.97961	0.98550	0.98892	0.99124	0.99278	0.99390	0.99467	0.99533	0.99586	0.99630	0.99669	0.99696	0.99717	0.99731
batch 127  MS-SSIM: 0.92816	0.96755	0.97971	0.98558	0.98898	0.99129	0.99282	0.99394	0.99470	0.99535	0.99588	0.99632	0.99671	0.99698	0.99718	0.99733
batch 128  MS-SSIM: 0.92812	0.96750	0.97966	0.98553	0.98894	0.99125	0.99278	0.99391	0.99467	0.99533	0.99585	0.99630	0.99669	0.99696	0.99717	0.99731
batch 129  MS-SSIM: 0.92791	0.96739	0.97960	0.98550	0.98892	0.99125	0.99278	0.99390	0.99467	0.99533	0.99586	0.99630	0.99669	0.99696	0.99717	0.99732
batch 130  MS-SSIM: 0.92805	0.96747	0.97966	0.98554	0.98895	0.99127	0.99280	0.99392	0.99469	0.99534	0.99587	0.99631	0.99670	0.99697	0.99718	0.99732
batch 131  MS-SSIM: 0.92802	0.96742	0.97961	0.98550	0.98892	0.99124	0.99277	0.99390	0.99466	0.99532	0.99585	0.99629	0.99668	0.99695	0.99716	0.99731
batch 132  MS-SSIM: 0.92816	0.96749	0.97967	0.98554	0.98895	0.99126	0.99279	0.99391	0.99468	0.99533	0.99586	0.99630	0.99669	0.99696	0.99717	0.99732
batch 133  MS-SSIM: 0.92829	0.96758	0.97973	0.98559	0.98899	0.99130	0.99282	0.99394	0.99470	0.99535	0.99587	0.99632	0.99670	0.99697	0.99718	0.99733
batch 134  MS-SSIM: 0.92837	0.96766	0.97979	0.98564	0.98903	0.99133	0.99285	0.99396	0.99472	0.99537	0.99589	0.99633	0.99672	0.99698	0.99719	0.99734
batch 135  MS-SSIM: 0.92810	0.96753	0.97972	0.98558	0.98898	0.99130	0.99282	0.99394	0.99470	0.99535	0.99587	0.99632	0.99670	0.99697	0.99718	0.99733
batch 136  MS-SSIM: 0.92797	0.96747	0.97968	0.98556	0.98897	0.99129	0.99281	0.99393	0.99469	0.99535	0.99587	0.99631	0.99670	0.99697	0.99718	0.99732
batch 137  MS-SSIM: 0.92777	0.96733	0.97957	0.98547	0.98889	0.99122	0.99275	0.99388	0.99465	0.99530	0.99583	0.99628	0.99667	0.99694	0.99715	0.99730
batch 138  MS-SSIM: 0.92790	0.96742	0.97963	0.98552	0.98893	0.99125	0.99278	0.99390	0.99467	0.99532	0.99585	0.99629	0.99668	0.99695	0.99716	0.99731
batch 139  MS-SSIM: 0.92798	0.96749	0.97969	0.98556	0.98897	0.99128	0.99280	0.99392	0.99469	0.99534	0.99586	0.99630	0.99669	0.99696	0.99717	0.99732
batch 140  MS-SSIM: 0.92808	0.96756	0.97974	0.98561	0.98900	0.99131	0.99283	0.99394	0.99471	0.99535	0.99588	0.99632	0.99671	0.99697	0.99718	0.99733
batch 141  MS-SSIM: 0.92797	0.96751	0.97971	0.98558	0.98899	0.99130	0.99282	0.99394	0.99470	0.99535	0.99587	0.99632	0.99670	0.99697	0.99718	0.99732
batch 142  MS-SSIM: 0.92772	0.96738	0.97963	0.98553	0.98895	0.99127	0.99279	0.99391	0.99468	0.99533	0.99586	0.99630	0.99669	0.99696	0.99717	0.99731
batch 143  MS-SSIM: 0.92747	0.96726	0.97956	0.98549	0.98892	0.99125	0.99278	0.99391	0.99467	0.99533	0.99586	0.99630	0.99669	0.99696	0.99717	0.99731
batch 144  MS-SSIM: 0.92726	0.96716	0.97950	0.98545	0.98889	0.99123	0.99277	0.99389	0.99467	0.99532	0.99585	0.99630	0.99669	0.99696	0.99717	0.99731
batch 145  MS-SSIM: 0.92739	0.96723	0.97954	0.98548	0.98892	0.99125	0.99278	0.99391	0.99468	0.99533	0.99586	0.99630	0.99669	0.99696	0.99717	0.99732
batch 146  MS-SSIM: 0.92719	0.96709	0.97944	0.98540	0.98885	0.99119	0.99273	0.99386	0.99463	0.99529	0.99582	0.99627	0.99666	0.99693	0.99714	0.99729
batch 147  MS-SSIM: 0.92694	0.96696	0.97936	0.98535	0.98882	0.99117	0.99272	0.99385	0.99463	0.99529	0.99582	0.99627	0.99666	0.99693	0.99714	0.99729
batch 148  MS-SSIM: 0.92728	0.96713	0.97947	0.98543	0.98888	0.99122	0.99276	0.99389	0.99466	0.99531	0.99584	0.99629	0.99668	0.99695	0.99716	0.99730
batch 149  MS-SSIM: 0.92711	0.96700	0.97937	0.98535	0.98881	0.99117	0.99271	0.99384	0.99462	0.99528	0.99581	0.99626	0.99665	0.99692	0.99713	0.99728
batch 150  MS-SSIM: 0.92745	0.96717	0.97948	0.98543	0.98888	0.99121	0.99275	0.99387	0.99465	0.99530	0.99583	0.99628	0.99667	0.99694	0.99715	0.99729
batch 151  MS-SSIM: 0.92722	0.96707	0.97942	0.98539	0.98884	0.99118	0.99272	0.99385	0.99463	0.99529	0.99582	0.99626	0.99666	0.99693	0.99714	0.99728
batch 152  MS-SSIM: 0.92700	0.96696	0.97936	0.98534	0.98880	0.99116	0.99270	0.99383	0.99461	0.99527	0.99580	0.99625	0.99665	0.99692	0.99713	0.99728
batch 153  MS-SSIM: 0.92678	0.96685	0.97930	0.98530	0.98877	0.99113	0.99267	0.99381	0.99459	0.99526	0.99579	0.99624	0.99663	0.99691	0.99712	0.99727
batch 154  MS-SSIM: 0.92661	0.96677	0.97925	0.98527	0.98875	0.99111	0.99266	0.99380	0.99459	0.99525	0.99579	0.99624	0.99663	0.99691	0.99712	0.99726
batch 155  MS-SSIM: 0.92641	0.96669	0.97920	0.98525	0.98874	0.99111	0.99266	0.99380	0.99459	0.99525	0.99579	0.99624	0.99663	0.99691	0.99712	0.99727
batch 156  MS-SSIM: 0.92620	0.96658	0.97914	0.98520	0.98870	0.99107	0.99263	0.99378	0.99457	0.99523	0.99577	0.99623	0.99662	0.99690	0.99711	0.99726
batch 157  MS-SSIM: 0.92654	0.96675	0.97925	0.98528	0.98876	0.99112	0.99267	0.99381	0.99459	0.99526	0.99579	0.99625	0.99664	0.99691	0.99712	0.99727
batch 158  MS-SSIM: 0.92674	0.96688	0.97933	0.98534	0.98881	0.99116	0.99270	0.99384	0.99462	0.99528	0.99581	0.99626	0.99665	0.99693	0.99714	0.99728
batch 159  MS-SSIM: 0.92657	0.96676	0.97924	0.98526	0.98874	0.99111	0.99266	0.99380	0.99458	0.99524	0.99578	0.99623	0.99663	0.99690	0.99711	0.99726
batch 160  MS-SSIM: 0.92688	0.96692	0.97934	0.98534	0.98880	0.99115	0.99269	0.99383	0.99461	0.99527	0.99580	0.99625	0.99664	0.99692	0.99713	0.99727
batch 161  MS-SSIM: 0.92664	0.96682	0.97929	0.98531	0.98878	0.99114	0.99269	0.99382	0.99460	0.99527	0.99580	0.99625	0.99664	0.99692	0.99713	0.99727
batch 162  MS-SSIM: 0.92683	0.96694	0.97937	0.98537	0.98883	0.99118	0.99272	0.99385	0.99463	0.99529	0.99582	0.99627	0.99666	0.99693	0.99714	0.99729
batch 163  MS-SSIM: 0.92672	0.96689	0.97935	0.98535	0.98882	0.99117	0.99271	0.99385	0.99462	0.99528	0.99582	0.99627	0.99666	0.99693	0.99714	0.99729
batch 164  MS-SSIM: 0.92683	0.96695	0.97938	0.98538	0.98884	0.99119	0.99273	0.99386	0.99464	0.99529	0.99583	0.99627	0.99666	0.99694	0.99715	0.99729
batch 165  MS-SSIM: 0.92679	0.96690	0.97934	0.98535	0.98881	0.99116	0.99271	0.99384	0.99462	0.99528	0.99581	0.99626	0.99665	0.99692	0.99714	0.99728
batch 166  MS-SSIM: 0.92691	0.96697	0.97939	0.98538	0.98884	0.99119	0.99272	0.99385	0.99463	0.99529	0.99582	0.99627	0.99666	0.99693	0.99714	0.99729
batch 167  MS-SSIM: 0.92705	0.96703	0.97942	0.98540	0.98886	0.99120	0.99274	0.99387	0.99464	0.99530	0.99583	0.99628	0.99667	0.99694	0.99715	0.99729
batch 168  MS-SSIM: 0.92689	0.96691	0.97934	0.98533	0.98880	0.99115	0.99269	0.99383	0.99460	0.99526	0.99580	0.99625	0.99664	0.99691	0.99712	0.99727
batch 169  MS-SSIM: 0.92705	0.96703	0.97942	0.98539	0.98884	0.99118	0.99272	0.99385	0.99463	0.99528	0.99581	0.99626	0.99665	0.99693	0.99714	0.99728
batch 170  MS-SSIM: 0.92734	0.96718	0.97951	0.98546	0.98890	0.99123	0.99276	0.99388	0.99465	0.99531	0.99583	0.99628	0.99667	0.99694	0.99715	0.99729
batch 171  MS-SSIM: 0.92718	0.96707	0.97943	0.98539	0.98884	0.99118	0.99271	0.99384	0.99462	0.99527	0.99580	0.99625	0.99664	0.99692	0.99713	0.99727
batch 172  MS-SSIM: 0.92735	0.96718	0.97950	0.98544	0.98888	0.99121	0.99274	0.99387	0.99464	0.99529	0.99582	0.99627	0.99666	0.99693	0.99714	0.99728
batch 173  MS-SSIM: 0.92747	0.96723	0.97954	0.98547	0.98890	0.99123	0.99276	0.99388	0.99465	0.99530	0.99583	0.99627	0.99666	0.99694	0.99714	0.99729
batch 174  MS-SSIM: 0.92743	0.96719	0.97950	0.98543	0.98887	0.99120	0.99273	0.99386	0.99463	0.99528	0.99581	0.99626	0.99665	0.99692	0.99713	0.99728
batch 175  MS-SSIM: 0.92725	0.96710	0.97944	0.98540	0.98885	0.99119	0.99272	0.99385	0.99462	0.99528	0.99581	0.99626	0.99665	0.99692	0.99713	0.99728
batch 176  MS-SSIM: 0.92719	0.96705	0.97940	0.98537	0.98882	0.99117	0.99270	0.99383	0.99460	0.99526	0.99580	0.99624	0.99664	0.99691	0.99712	0.99727
batch 177  MS-SSIM: 0.92716	0.96700	0.97936	0.98533	0.98879	0.99114	0.99268	0.99381	0.99459	0.99525	0.99578	0.99623	0.99663	0.99690	0.99711	0.99726
batch 178  MS-SSIM: 0.92726	0.96706	0.97940	0.98536	0.98881	0.99116	0.99270	0.99383	0.99460	0.99526	0.99579	0.99624	0.99663	0.99691	0.99712	0.99726
batch 179  MS-SSIM: 0.92735	0.96712	0.97944	0.98540	0.98885	0.99118	0.99272	0.99384	0.99461	0.99527	0.99580	0.99625	0.99664	0.99692	0.99713	0.99727
batch 180  MS-SSIM: 0.92733	0.96709	0.97941	0.98537	0.98882	0.99116	0.99269	0.99382	0.99459	0.99525	0.99579	0.99623	0.99663	0.99690	0.99711	0.99726
batch 181  MS-SSIM: 0.92742	0.96714	0.97945	0.98539	0.98884	0.99118	0.99271	0.99383	0.99460	0.99526	0.99579	0.99624	0.99664	0.99691	0.99712	0.99727
batch 182  MS-SSIM: 0.92726	0.96703	0.97936	0.98532	0.98878	0.99113	0.99266	0.99380	0.99457	0.99523	0.99576	0.99621	0.99661	0.99689	0.99710	0.99725
batch 183  MS-SSIM: 0.92711	0.96696	0.97932	0.98530	0.98876	0.99111	0.99265	0.99379	0.99456	0.99523	0.99576	0.99621	0.99661	0.99688	0.99710	0.99724
batch 184  MS-SSIM: 0.92741	0.96711	0.97941	0.98536	0.98881	0.99115	0.99269	0.99382	0.99459	0.99525	0.99578	0.99623	0.99662	0.99690	0.99711	0.99726
batch 185  MS-SSIM: 0.92749	0.96717	0.97946	0.98540	0.98884	0.99118	0.99271	0.99383	0.99460	0.99526	0.99579	0.99624	0.99663	0.99691	0.99712	0.99726
batch 186  MS-SSIM: 0.92762	0.96723	0.97950	0.98542	0.98886	0.99119	0.99272	0.99384	0.99461	0.99527	0.99580	0.99625	0.99664	0.99691	0.99712	0.99727
batch 187  MS-SSIM: 0.92770	0.96727	0.97951	0.98544	0.98887	0.99120	0.99273	0.99385	0.99462	0.99528	0.99581	0.99625	0.99665	0.99692	0.99713	0.99727
batch 188  MS-SSIM: 0.92796	0.96740	0.97960	0.98550	0.98892	0.99124	0.99276	0.99388	0.99464	0.99530	0.99582	0.99627	0.99666	0.99693	0.99714	0.99728
batch 189  MS-SSIM: 0.92809	0.96750	0.97967	0.98555	0.98896	0.99127	0.99278	0.99390	0.99466	0.99531	0.99584	0.99628	0.99667	0.99694	0.99715	0.99729
batch 190  MS-SSIM: 0.92820	0.96755	0.97970	0.98557	0.98897	0.99128	0.99280	0.99391	0.99467	0.99532	0.99585	0.99629	0.99668	0.99695	0.99716	0.99730
batch 191  MS-SSIM: 0.92833	0.96765	0.97976	0.98562	0.98901	0.99131	0.99282	0.99393	0.99469	0.99534	0.99586	0.99630	0.99669	0.99696	0.99717	0.99731
batch 192  MS-SSIM: 0.92824	0.96761	0.97974	0.98560	0.98900	0.99131	0.99282	0.99393	0.99469	0.99534	0.99586	0.99630	0.99669	0.99696	0.99717	0.99731
batch 193  MS-SSIM: 0.92833	0.96766	0.97978	0.98563	0.98902	0.99132	0.99283	0.99394	0.99470	0.99535	0.99587	0.99631	0.99669	0.99696	0.99717	0.99731
batch 194  MS-SSIM: 0.92813	0.96758	0.97974	0.98561	0.98900	0.99131	0.99283	0.99394	0.99470	0.99535	0.99587	0.99631	0.99670	0.99696	0.99717	0.99731
batch 195  MS-SSIM: 0.92824	0.96763	0.97977	0.98563	0.98902	0.99133	0.99284	0.99395	0.99471	0.99535	0.99588	0.99632	0.99670	0.99697	0.99718	0.99732
batch 196  MS-SSIM: 0.92849	0.96776	0.97985	0.98569	0.98907	0.99136	0.99287	0.99397	0.99473	0.99537	0.99589	0.99633	0.99672	0.99698	0.99719	0.99733
batch 197  MS-SSIM: 0.92834	0.96767	0.97978	0.98563	0.98902	0.99133	0.99283	0.99394	0.99470	0.99535	0.99587	0.99631	0.99670	0.99697	0.99717	0.99732
batch 198  MS-SSIM: 0.92843	0.96772	0.97981	0.98566	0.98904	0.99134	0.99285	0.99395	0.99471	0.99536	0.99588	0.99632	0.99670	0.99697	0.99718	0.99732
batch 199  MS-SSIM: 0.92853	0.96776	0.97984	0.98568	0.98906	0.99135	0.99286	0.99396	0.99472	0.99537	0.99589	0.99632	0.99671	0.99698	0.99718	0.99733
batch 200  MS-SSIM: 0.92850	0.96772	0.97981	0.98565	0.98903	0.99133	0.99284	0.99395	0.99470	0.99535	0.99587	0.99631	0.99670	0.99697	0.99717	0.99732
