batch 1  MS-SSIM: 0.94977	0.98477	0.99190	0.99468	0.99617	0.99697	0.99747	0.99793	0.99822	0.99842	0.99860	0.99875	0.99890	0.99898	0.99904	0.99909
batch 2  MS-SSIM: 0.94837	0.98239	0.99031	0.99354	0.99526	0.99624	0.99690	0.99744	0.99781	0.99808	0.99829	0.99848	0.99865	0.99875	0.99883	0.99889
batch 3  MS-SSIM: 0.93308	0.97367	0.98469	0.98958	0.99234	0.99401	0.99510	0.99591	0.99647	0.99692	0.99728	0.99761	0.99789	0.99808	0.99822	0.99831
batch 4  MS-SSIM: 0.93763	0.97472	0.98504	0.98975	0.99240	0.99406	0.99518	0.99598	0.99654	0.99699	0.99735	0.99767	0.99794	0.99812	0.99825	0.99835
batch 5  MS-SSIM: 0.93163	0.96958	0.98088	0.98611	0.98929	0.99143	0.99289	0.99398	0.99471	0.99535	0.99583	0.99629	0.99670	0.99698	0.99720	0.99734
batch 6  MS-SSIM: 0.93469	0.97081	0.98167	0.98674	0.98981	0.99186	0.99327	0.99432	0.99502	0.99563	0.99611	0.99654	0.99691	0.99718	0.99738	0.99752
batch 7  MS-SSIM: 0.92887	0.96789	0.97994	0.98558	0.98889	0.99112	0.99267	0.99382	0.99462	0.99528	0.99581	0.99626	0.99667	0.99695	0.99717	0.99731
batch 8  MS-SSIM: 0.92610	0.96668	0.97920	0.98509	0.98858	0.99091	0.99252	0.99370	0.99452	0.99520	0.99575	0.99622	0.99663	0.99692	0.99714	0.99730
batch 9  MS-SSIM: 0.92794	0.96761	0.97988	0.98563	0.98904	0.99129	0.99282	0.99396	0.99474	0.99539	0.99591	0.99636	0.99675	0.99703	0.99724	0.99739
batch 10  MS-SSIM: 0.93056	0.96943	0.98110	0.98652	0.98974	0.99185	0.99329	0.99435	0.99509	0.99569	0.99618	0.99660	0.99696	0.99722	0.99742	0.99756
batch 11  MS-SSIM: 0.92725	0.96727	0.97948	0.98523	0.98864	0.99092	0.99247	0.99362	0.99442	0.99510	0.99563	0.99609	0.99650	0.99679	0.99701	0.99716
batch 12  MS-SSIM: 0.92495	0.96558	0.97808	0.98409	0.98764	0.99010	0.99177	0.99300	0.99384	0.99457	0.99514	0.99565	0.99611	0.99643	0.99668	0.99685
batch 13  MS-SSIM: 0.92244	0.96434	0.97751	0.98380	0.98751	0.99005	0.99175	0.99301	0.99386	0.99460	0.99518	0.99570	0.99616	0.99648	0.99672	0.99690
batch 14  MS-SSIM: 0.92043	0.96331	0.97694	0.98341	0.98720	0.98981	0.99156	0.99285	0.99374	0.99449	0.99509	0.99561	0.99608	0.99640	0.99665	0.99683
batch 15  MS-SSIM: 0.92327	0.96496	0.97803	0.98421	0.98783	0.99031	0.99198	0.99321	0.99405	0.99476	0.99533	0.99582	0.99627	0.99657	0.99681	0.99698
batch 16  MS-SSIM: 0.92490	0.96577	0.97852	0.98457	0.98811	0.99055	0.99218	0.99338	0.99421	0.99490	0.99546	0.99594	0.99637	0.99667	0.99691	0.99707
batch 17  MS-SSIM: 0.92314	0.96446	0.97749	0.98373	0.98740	0.98994	0.99164	0.99291	0.99377	0.99451	0.99510	0.99561	0.99607	0.99639	0.99664	0.99681
batch 18  MS-SSIM: 0.92415	0.96519	0.97802	0.98415	0.98775	0.99023	0.99188	0.99312	0.99396	0.99468	0.99525	0.99575	0.99619	0.99650	0.99674	0.99691
batch 19  MS-SSIM: 0.92262	0.96440	0.97761	0.98386	0.98752	0.99005	0.99173	0.99300	0.99386	0.99459	0.99518	0.99568	0.99613	0.99644	0.99669	0.99686
batch 20  MS-SSIM: 0.92471	0.96562	0.97840	0.98444	0.98798	0.99041	0.99204	0.99326	0.99409	0.99479	0.99536	0.99584	0.99627	0.99658	0.99681	0.99697
batch 21  MS-SSIM: 0.92661	0.96671	0.97912	0.98497	0.98839	0.99075	0.99231	0.99349	0.99430	0.99497	0.99552	0.99599	0.99640	0.99670	0.99692	0.99708
batch 22  MS-SSIM: 0.92817	0.96764	0.97975	0.98543	0.98875	0.99104	0.99256	0.99370	0.99448	0.99513	0.99566	0.99611	0.99652	0.99680	0.99702	0.99717
batch 23  MS-SSIM: 0.92663	0.96695	0.97933	0.98523	0.98865	0.99100	0.99254	0.99370	0.99448	0.99514	0.99568	0.99613	0.99654	0.99682	0.99704	0.99719
batch 24  MS-SSIM: 0.92539	0.96645	0.97909	0.98510	0.98859	0.99096	0.99253	0.99369	0.99449	0.99515	0.99569	0.99615	0.99656	0.99684	0.99706	0.99721
batch 25  MS-SSIM: 0.92640	0.96686	0.97931	0.98526	0.98871	0.99106	0.99262	0.99378	0.99456	0.99522	0.99575	0.99621	0.99661	0.99689	0.99710	0.99726
batch 26  MS-SSIM: 0.92521	0.96596	0.97860	0.98468	0.98822	0.99064	0.99225	0.99345	0.99426	0.99495	0.99550	0.99598	0.99640	0.99669	0.99692	0.99708
batch 27  MS-SSIM: 0.92399	0.96527	0.97817	0.98436	0.98796	0.99043	0.99208	0.99330	0.99414	0.99484	0.99541	0.99589	0.99632	0.99662	0.99685	0.99701
batch 28  MS-SSIM: 0.92325	0.96496	0.97800	0.98426	0.98791	0.99040	0.99206	0.99328	0.99413	0.99483	0.99540	0.99589	0.99632	0.99662	0.99686	0.99702
batch 29  MS-SSIM: 0.92513	0.96592	0.97861	0.98470	0.98824	0.99067	0.99227	0.99347	0.99428	0.99497	0.99553	0.99600	0.99642	0.99671	0.99693	0.99709
batch 30  MS-SSIM: 0.92415	0.96536	0.97827	0.98445	0.98804	0.99049	0.99213	0.99335	0.99418	0.99488	0.99545	0.99593	0.99636	0.99665	0.99688	0.99704
batch 31  MS-SSIM: 0.92502	0.96577	0.97852	0.98463	0.98818	0.99061	0.99224	0.99344	0.99426	0.99496	0.99552	0.99599	0.99641	0.99670	0.99693	0.99709
batch 32  MS-SSIM: 0.92435	0.96521	0.97805	0.98423	0.98783	0.99032	0.99198	0.99321	0.99405	0.99476	0.99534	0.99583	0.99626	0.99657	0.99680	0.99697
batch 33  MS-SSIM: 0.92326	0.96467	0.97776	0.98406	0.98774	0.99027	0.99195	0.99319	0.99403	0.99475	0.99534	0.99583	0.99627	0.99657	0.99681	0.99697
batch 34  MS-SSIM: 0.92307	0.96446	0.97758	0.98388	0.98759	0.99013	0.99182	0.99307	0.99392	0.99466	0.99525	0.99575	0.99619	0.99651	0.99674	0.99692
batch 35  MS-SSIM: 0.92208	0.96401	0.97736	0.98377	0.98753	0.99011	0.99182	0.99308	0.99393	0.99466	0.99526	0.99576	0.99621	0.99652	0.99676	0.99693
batch 36  MS-SSIM: 0.92271	0.96437	0.97761	0.98395	0.98767	0.99023	0.99192	0.99316	0.99401	0.99473	0.99532	0.99581	0.99625	0.99656	0.99680	0.99696
batch 37  MS-SSIM: 0.92190	0.96395	0.97735	0.98378	0.98753	0.99011	0.99182	0.99308	0.99394	0.99467	0.99526	0.99576	0.99621	0.99652	0.99676	0.99693
batch 38  MS-SSIM: 0.92147	0.96355	0.97701	0.98347	0.98727	0.98988	0.99162	0.99290	0.99377	0.99452	0.99513	0.99564	0.99609	0.99641	0.99666	0.99683
batch 39  MS-SSIM: 0.92115	0.96340	0.97694	0.98345	0.98726	0.98988	0.99162	0.99291	0.99378	0.99453	0.99514	0.99565	0.99610	0.99642	0.99667	0.99684
batch 40  MS-SSIM: 0.92091	0.96317	0.97675	0.98327	0.98710	0.98974	0.99150	0.99280	0.99368	0.99444	0.99505	0.99557	0.99603	0.99636	0.99661	0.99679
batch 41  MS-SSIM: 0.92028	0.96282	0.97654	0.98313	0.98698	0.98964	0.99142	0.99273	0.99362	0.99439	0.99501	0.99553	0.99600	0.99633	0.99658	0.99676
batch 42  MS-SSIM: 0.92004	0.96252	0.97627	0.98287	0.98675	0.98945	0.99125	0.99258	0.99348	0.99426	0.99489	0.99542	0.99590	0.99623	0.99649	0.99668
batch 43  MS-SSIM: 0.92057	0.96289	0.97655	0.98309	0.98693	0.98959	0.99137	0.99268	0.99357	0.99434	0.99496	0.99549	0.99596	0.99629	0.99654	0.99672
batch 44  MS-SSIM: 0.92005	0.96262	0.97640	0.98299	0.98685	0.98952	0.99131	0.99264	0.99354	0.99431	0.99494	0.99547	0.99594	0.99627	0.99653	0.99671
batch 45  MS-SSIM: 0.92130	0.96329	0.97683	0.98330	0.98709	0.98972	0.99147	0.99277	0.99365	0.99441	0.99503	0.99554	0.99601	0.99633	0.99659	0.99676
batch 46  MS-SSIM: 0.92205	0.96377	0.97716	0.98355	0.98728	0.98987	0.99160	0.99288	0.99375	0.99450	0.99510	0.99561	0.99607	0.99639	0.99664	0.99681
batch 47  MS-SSIM: 0.92164	0.96361	0.97708	0.98351	0.98727	0.98987	0.99160	0.99289	0.99375	0.99450	0.99511	0.99562	0.99608	0.99640	0.99665	0.99682
batch 48  MS-SSIM: 0.92212	0.96396	0.97733	0.98370	0.98742	0.98999	0.99171	0.99297	0.99383	0.99457	0.99517	0.99568	0.99613	0.99645	0.99669	0.99686
batch 49  MS-SSIM: 0.92163	0.96377	0.97724	0.98367	0.98741	0.99000	0.99172	0.99299	0.99385	0.99459	0.99519	0.99570	0.99615	0.99646	0.99671	0.99688
batch 50  MS-SSIM: 0.92116	0.96345	0.97697	0.98344	0.98722	0.98984	0.99158	0.99286	0.99373	0.99448	0.99509	0.99560	0.99606	0.99638	0.99663	0.99681
batch 51  MS-SSIM: 0.92066	0.96306	0.97666	0.98318	0.98700	0.98965	0.99141	0.99271	0.99360	0.99436	0.99498	0.99550	0.99597	0.99629	0.99655	0.99673
batch 52  MS-SSIM: 0.92118	0.96331	0.97682	0.98330	0.98709	0.98972	0.99148	0.99277	0.99365	0.99441	0.99502	0.99554	0.99600	0.99633	0.99658	0.99676
batch 53  MS-SSIM: 0.92176	0.96360	0.97699	0.98343	0.98720	0.98981	0.99155	0.99284	0.99371	0.99446	0.99507	0.99558	0.99604	0.99636	0.99661	0.99679
batch 54  MS-SSIM: 0.92129	0.96336	0.97685	0.98334	0.98712	0.98975	0.99151	0.99280	0.99368	0.99443	0.99505	0.99556	0.99602	0.99635	0.99660	0.99677
batch 55  MS-SSIM: 0.92203	0.96380	0.97715	0.98356	0.98729	0.98989	0.99162	0.99289	0.99376	0.99451	0.99511	0.99562	0.99608	0.99639	0.99664	0.99682
batch 56  MS-SSIM: 0.92260	0.96406	0.97731	0.98368	0.98739	0.98996	0.99169	0.99295	0.99382	0.99456	0.99516	0.99566	0.99611	0.99643	0.99667	0.99685
batch 57  MS-SSIM: 0.92331	0.96448	0.97759	0.98388	0.98755	0.99009	0.99179	0.99304	0.99390	0.99463	0.99522	0.99572	0.99616	0.99647	0.99672	0.99689
batch 58  MS-SSIM: 0.92381	0.96471	0.97774	0.98399	0.98763	0.99016	0.99186	0.99310	0.99395	0.99467	0.99526	0.99576	0.99620	0.99651	0.99674	0.99691
batch 59  MS-SSIM: 0.92329	0.96446	0.97761	0.98394	0.98761	0.99016	0.99186	0.99310	0.99395	0.99468	0.99527	0.99577	0.99621	0.99652	0.99676	0.99692
batch 60  MS-SSIM: 0.92393	0.96486	0.97788	0.98413	0.98777	0.99028	0.99196	0.99319	0.99403	0.99474	0.99533	0.99582	0.99625	0.99656	0.99679	0.99696
batch 61  MS-SSIM: 0.92368	0.96475	0.97782	0.98410	0.98775	0.99027	0.99195	0.99319	0.99403	0.99474	0.99533	0.99582	0.99626	0.99656	0.99680	0.99697
batch 62  MS-SSIM: 0.92400	0.96494	0.97795	0.98420	0.98783	0.99034	0.99201	0.99323	0.99407	0.99478	0.99536	0.99585	0.99628	0.99658	0.99682	0.99698
batch 63  MS-SSIM: 0.92433	0.96513	0.97807	0.98429	0.98791	0.99040	0.99206	0.99328	0.99411	0.99481	0.99539	0.99587	0.99631	0.99661	0.99684	0.99700
batch 64  MS-SSIM: 0.92465	0.96530	0.97820	0.98438	0.98798	0.99046	0.99211	0.99332	0.99415	0.99485	0.99542	0.99590	0.99633	0.99663	0.99686	0.99702
batch 65  MS-SSIM: 0.92546	0.96572	0.97846	0.98457	0.98813	0.99058	0.99221	0.99340	0.99422	0.99491	0.99547	0.99595	0.99637	0.99666	0.99689	0.99705
batch 66  MS-SSIM: 0.92496	0.96537	0.97819	0.98435	0.98795	0.99042	0.99207	0.99328	0.99410	0.99481	0.99538	0.99586	0.99629	0.99659	0.99682	0.99699
batch 67  MS-SSIM: 0.92456	0.96517	0.97808	0.98427	0.98788	0.99037	0.99203	0.99325	0.99408	0.99478	0.99536	0.99584	0.99628	0.99658	0.99681	0.99697
batch 68  MS-SSIM: 0.92410	0.96488	0.97785	0.98409	0.98773	0.99024	0.99191	0.99315	0.99398	0.99470	0.99528	0.99577	0.99621	0.99652	0.99675	0.99692
batch 69  MS-SSIM: 0.92489	0.96528	0.97811	0.98428	0.98787	0.99035	0.99201	0.99323	0.99405	0.99476	0.99534	0.99582	0.99625	0.99655	0.99679	0.99695
batch 70  MS-SSIM: 0.92449	0.96502	0.97790	0.98410	0.98772	0.99023	0.99190	0.99312	0.99396	0.99468	0.99526	0.99575	0.99619	0.99649	0.99673	0.99690
batch 71  MS-SSIM: 0.92528	0.96541	0.97816	0.98428	0.98787	0.99034	0.99199	0.99320	0.99403	0.99474	0.99531	0.99580	0.99623	0.99653	0.99677	0.99693
batch 72  MS-SSIM: 0.92546	0.96558	0.97828	0.98439	0.98795	0.99041	0.99205	0.99325	0.99407	0.99478	0.99535	0.99583	0.99626	0.99656	0.99679	0.99695
batch 73  MS-SSIM: 0.92589	0.96586	0.97848	0.98453	0.98806	0.99050	0.99212	0.99332	0.99413	0.99483	0.99539	0.99587	0.99629	0.99659	0.99682	0.99698
batch 74  MS-SSIM: 0.92559	0.96574	0.97841	0.98449	0.98804	0.99049	0.99211	0.99331	0.99413	0.99483	0.99539	0.99587	0.99630	0.99659	0.99682	0.99699
batch 75  MS-SSIM: 0.92579	0.96589	0.97853	0.98459	0.98812	0.99055	0.99217	0.99336	0.99417	0.99486	0.99543	0.99590	0.99632	0.99662	0.99685	0.99701
batch 76  MS-SSIM: 0.92605	0.96606	0.97866	0.98469	0.98820	0.99062	0.99222	0.99341	0.99421	0.99490	0.99546	0.99593	0.99635	0.99664	0.99687	0.99703
batch 77  MS-SSIM: 0.92628	0.96619	0.97875	0.98476	0.98826	0.99067	0.99227	0.99344	0.99424	0.99493	0.99548	0.99595	0.99637	0.99666	0.99688	0.99704
batch 78  MS-SSIM: 0.92585	0.96598	0.97862	0.98467	0.98818	0.99060	0.99221	0.99340	0.99421	0.99490	0.99546	0.99593	0.99635	0.99664	0.99686	0.99702
batch 79  MS-SSIM: 0.92613	0.96609	0.97868	0.98471	0.98822	0.99063	0.99224	0.99343	0.99423	0.99492	0.99548	0.99595	0.99637	0.99666	0.99688	0.99704
batch 80  MS-SSIM: 0.92569	0.96588	0.97856	0.98465	0.98818	0.99062	0.99223	0.99342	0.99423	0.99492	0.99548	0.99595	0.99637	0.99666	0.99688	0.99704
batch 81  MS-SSIM: 0.92532	0.96560	0.97835	0.98447	0.98803	0.99049	0.99212	0.99332	0.99414	0.99484	0.99541	0.99588	0.99631	0.99660	0.99683	0.99699
batch 82  MS-SSIM: 0.92508	0.96550	0.97829	0.98443	0.98801	0.99048	0.99212	0.99332	0.99414	0.99483	0.99540	0.99588	0.99631	0.99660	0.99683	0.99699
batch 83  MS-SSIM: 0.92486	0.96540	0.97823	0.98440	0.98800	0.99047	0.99211	0.99331	0.99413	0.99483	0.99540	0.99588	0.99631	0.99660	0.99683	0.99699
batch 84  MS-SSIM: 0.92550	0.96572	0.97844	0.98455	0.98811	0.99056	0.99219	0.99338	0.99419	0.99488	0.99545	0.99592	0.99634	0.99663	0.99686	0.99702
batch 85  MS-SSIM: 0.92526	0.96563	0.97839	0.98452	0.98810	0.99055	0.99218	0.99337	0.99418	0.99488	0.99545	0.99592	0.99634	0.99664	0.99686	0.99702
batch 86  MS-SSIM: 0.92587	0.96594	0.97859	0.98467	0.98821	0.99064	0.99225	0.99343	0.99424	0.99493	0.99549	0.99596	0.99638	0.99667	0.99689	0.99705
batch 87  MS-SSIM: 0.92606	0.96605	0.97867	0.98473	0.98826	0.99068	0.99229	0.99347	0.99427	0.99495	0.99551	0.99598	0.99639	0.99668	0.99691	0.99706
batch 88  MS-SSIM: 0.92664	0.96635	0.97886	0.98487	0.98837	0.99077	0.99236	0.99353	0.99432	0.99500	0.99555	0.99601	0.99643	0.99671	0.99693	0.99709
batch 89  MS-SSIM: 0.92636	0.96614	0.97869	0.98472	0.98825	0.99066	0.99227	0.99345	0.99425	0.99493	0.99549	0.99596	0.99638	0.99667	0.99689	0.99705
batch 90  MS-SSIM: 0.92620	0.96601	0.97858	0.98463	0.98816	0.99059	0.99221	0.99339	0.99419	0.99489	0.99545	0.99592	0.99634	0.99663	0.99686	0.99702
batch 91  MS-SSIM: 0.92654	0.96623	0.97873	0.98474	0.98825	0.99066	0.99226	0.99344	0.99424	0.99492	0.99548	0.99595	0.99637	0.99666	0.99688	0.99704
batch 92  MS-SSIM: 0.92672	0.96633	0.97881	0.98479	0.98830	0.99070	0.99230	0.99347	0.99426	0.99495	0.99550	0.99597	0.99638	0.99667	0.99690	0.99705
batch 93  MS-SSIM: 0.92636	0.96614	0.97869	0.98471	0.98823	0.99065	0.99225	0.99343	0.99423	0.99492	0.99548	0.99594	0.99636	0.99665	0.99688	0.99704
batch 94  MS-SSIM: 0.92603	0.96590	0.97851	0.98456	0.98810	0.99054	0.99215	0.99334	0.99415	0.99485	0.99541	0.99589	0.99631	0.99660	0.99683	0.99699
batch 95  MS-SSIM: 0.92621	0.96601	0.97858	0.98461	0.98815	0.99057	0.99219	0.99337	0.99418	0.99487	0.99543	0.99590	0.99632	0.99662	0.99684	0.99700
batch 96  MS-SSIM: 0.92590	0.96589	0.97852	0.98459	0.98814	0.99057	0.99219	0.99338	0.99418	0.99488	0.99544	0.99591	0.99633	0.99662	0.99685	0.99701
batch 97  MS-SSIM: 0.92569	0.96581	0.97847	0.98455	0.98812	0.99056	0.99218	0.99337	0.99418	0.99487	0.99543	0.99591	0.99633	0.99662	0.99685	0.99701
batch 98  MS-SSIM: 0.92542	0.96563	0.97833	0.98443	0.98801	0.99047	0.99210	0.99330	0.99411	0.99481	0.99538	0.99586	0.99629	0.99658	0.99681	0.99697
batch 99  MS-SSIM: 0.92520	0.96554	0.97828	0.98440	0.98800	0.99046	0.99210	0.99330	0.99411	0.99481	0.99538	0.99586	0.99629	0.99658	0.99681	0.99698
batch 100  MS-SSIM: 0.92503	0.96548	0.97825	0.98438	0.98799	0.99046	0.99209	0.99330	0.99411	0.99482	0.99538	0.99586	0.99629	0.99659	0.99682	0.99698
batch 101  MS-SSIM: 0.92558	0.96575	0.97842	0.98451	0.98809	0.99054	0.99216	0.99335	0.99416	0.99486	0.99542	0.99589	0.99632	0.99661	0.99684	0.99700
batch 102  MS-SSIM: 0.92541	0.96559	0.97829	0.98439	0.98799	0.99045	0.99208	0.99328	0.99410	0.99480	0.99537	0.99585	0.99627	0.99657	0.99680	0.99697
batch 103  MS-SSIM: 0.92511	0.96537	0.97812	0.98425	0.98787	0.99035	0.99200	0.99321	0.99403	0.99474	0.99531	0.99579	0.99623	0.99653	0.99676	0.99693
batch 104  MS-SSIM: 0.92535	0.96549	0.97819	0.98430	0.98791	0.99039	0.99203	0.99323	0.99405	0.99476	0.99533	0.99581	0.99624	0.99655	0.99678	0.99694
batch 105  MS-SSIM: 0.92560	0.96561	0.97827	0.98436	0.98796	0.99042	0.99206	0.99326	0.99408	0.99478	0.99535	0.99583	0.99626	0.99656	0.99679	0.99695
batch 106  MS-SSIM: 0.92542	0.96553	0.97822	0.98434	0.98795	0.99042	0.99206	0.99326	0.99408	0.99478	0.99535	0.99583	0.99626	0.99656	0.99679	0.99696
batch 107  MS-SSIM: 0.92533	0.96546	0.97816	0.98429	0.98790	0.99038	0.99202	0.99323	0.99405	0.99476	0.99533	0.99581	0.99624	0.99654	0.99678	0.99694
batch 108  MS-SSIM: 0.92564	0.96566	0.97830	0.98439	0.98798	0.99044	0.99207	0.99327	0.99409	0.99479	0.99536	0.99584	0.99627	0.99657	0.99680	0.99696
batch 109  MS-SSIM: 0.92589	0.96584	0.97843	0.98448	0.98805	0.99050	0.99212	0.99331	0.99412	0.99482	0.99539	0.99587	0.99629	0.99659	0.99682	0.99698
batch 110  MS-SSIM: 0.92573	0.96578	0.97839	0.98446	0.98804	0.99049	0.99212	0.99331	0.99412	0.99482	0.99539	0.99587	0.99629	0.99659	0.99682	0.99698
batch 111  MS-SSIM: 0.92545	0.96565	0.97832	0.98443	0.98802	0.99049	0.99212	0.99332	0.99413	0.99483	0.99539	0.99587	0.99630	0.99660	0.99683	0.99699
batch 112  MS-SSIM: 0.92562	0.96575	0.97838	0.98448	0.98807	0.99052	0.99214	0.99334	0.99415	0.99485	0.99541	0.99589	0.99631	0.99661	0.99684	0.99700
batch 113  MS-SSIM: 0.92578	0.96584	0.97844	0.98453	0.98811	0.99055	0.99217	0.99336	0.99417	0.99486	0.99542	0.99590	0.99632	0.99662	0.99685	0.99701
batch 114  MS-SSIM: 0.92550	0.96569	0.97835	0.98446	0.98805	0.99051	0.99214	0.99333	0.99414	0.99484	0.99541	0.99588	0.99631	0.99661	0.99684	0.99700
batch 115  MS-SSIM: 0.92573	0.96580	0.97843	0.98452	0.98809	0.99054	0.99217	0.99336	0.99417	0.99486	0.99543	0.99590	0.99632	0.99662	0.99685	0.99701
batch 116  MS-SSIM: 0.92545	0.96560	0.97827	0.98439	0.98799	0.99045	0.99209	0.99329	0.99410	0.99481	0.99537	0.99585	0.99628	0.99658	0.99681	0.99697
batch 117  MS-SSIM: 0.92526	0.96552	0.97823	0.98437	0.98797	0.99045	0.99208	0.99329	0.99410	0.99481	0.99537	0.99585	0.99628	0.99658	0.99681	0.99698
batch 118  MS-SSIM: 0.92572	0.96576	0.97838	0.98447	0.98806	0.99051	0.99214	0.99333	0.99414	0.99484	0.99540	0.99588	0.99631	0.99660	0.99683	0.99699
batch 119  MS-SSIM: 0.92615	0.96598	0.97853	0.98458	0.98814	0.99058	0.99219	0.99338	0.99418	0.99488	0.99544	0.99591	0.99633	0.99663	0.99685	0.99701
batch 120  MS-SSIM: 0.92657	0.96619	0.97867	0.98468	0.98822	0.99064	0.99224	0.99342	0.99422	0.99491	0.99547	0.99594	0.99636	0.99665	0.99687	0.99703
batch 121  MS-SSIM: 0.92677	0.96629	0.97872	0.98473	0.98825	0.99067	0.99227	0.99345	0.99424	0.99493	0.99548	0.99595	0.99637	0.99666	0.99689	0.99704
batch 122  MS-SSIM: 0.92651	0.96610	0.97858	0.98461	0.98815	0.99059	0.99220	0.99338	0.99418	0.99488	0.99543	0.99591	0.99633	0.99662	0.99685	0.99701
batch 123  MS-SSIM: 0.92620	0.96595	0.97849	0.98456	0.98813	0.99057	0.99219	0.99338	0.99418	0.99487	0.99543	0.99591	0.99633	0.99662	0.99685	0.99701
batch 124  MS-SSIM: 0.92611	0.96586	0.97842	0.98449	0.98806	0.99052	0.99214	0.99333	0.99414	0.99484	0.99540	0.99587	0.99630	0.99660	0.99683	0.99699
batch 125  MS-SSIM: 0.92585	0.96573	0.97836	0.98446	0.98805	0.99051	0.99214	0.99333	0.99414	0.99484	0.99540	0.99588	0.99630	0.99660	0.99683	0.99699
batch 126  MS-SSIM: 0.92627	0.96595	0.97850	0.98456	0.98813	0.99057	0.99219	0.99337	0.99418	0.99487	0.99543	0.99590	0.99633	0.99662	0.99685	0.99701
batch 127  MS-SSIM: 0.92603	0.96583	0.97843	0.98451	0.98809	0.99054	0.99216	0.99335	0.99416	0.99486	0.99542	0.99589	0.99632	0.99661	0.99684	0.99700
batch 128  MS-SSIM: 0.92615	0.96592	0.97850	0.98456	0.98813	0.99058	0.99220	0.99338	0.99418	0.99488	0.99544	0.99591	0.99633	0.99663	0.99685	0.99701
batch 129  MS-SSIM: 0.92630	0.96601	0.97856	0.98461	0.98817	0.99061	0.99222	0.99340	0.99420	0.99490	0.99545	0.99592	0.99634	0.99664	0.99686	0.99702
batch 130  MS-SSIM: 0.92599	0.96587	0.97848	0.98457	0.98815	0.99060	0.99221	0.99340	0.99420	0.99490	0.99545	0.99593	0.99635	0.99664	0.99687	0.99703
batch 131  MS-SSIM: 0.92613	0.96595	0.97853	0.98461	0.98818	0.99063	0.99224	0.99342	0.99422	0.99491	0.99547	0.99594	0.99636	0.99665	0.99688	0.99703
batch 132  MS-SSIM: 0.92588	0.96583	0.97847	0.98456	0.98815	0.99060	0.99221	0.99340	0.99420	0.99490	0.99545	0.99593	0.99635	0.99664	0.99687	0.99703
batch 133  MS-SSIM: 0.92604	0.96594	0.97854	0.98462	0.98819	0.99064	0.99225	0.99343	0.99423	0.99492	0.99547	0.99594	0.99636	0.99666	0.99688	0.99704
batch 134  MS-SSIM: 0.92623	0.96608	0.97865	0.98470	0.98825	0.99068	0.99229	0.99346	0.99426	0.99495	0.99550	0.99597	0.99638	0.99667	0.99690	0.99705
batch 135  MS-SSIM: 0.92633	0.96616	0.97871	0.98475	0.98830	0.99072	0.99231	0.99349	0.99428	0.99496	0.99551	0.99598	0.99640	0.99669	0.99691	0.99707
batch 136  MS-SSIM: 0.92618	0.96604	0.97861	0.98466	0.98822	0.99065	0.99226	0.99343	0.99423	0.99492	0.99547	0.99594	0.99636	0.99665	0.99688	0.99704
batch 137  MS-SSIM: 0.92656	0.96624	0.97873	0.98475	0.98829	0.99070	0.99230	0.99347	0.99426	0.99495	0.99550	0.99597	0.99638	0.99667	0.99690	0.99705
batch 138  MS-SSIM: 0.92636	0.96610	0.97862	0.98466	0.98821	0.99064	0.99224	0.99342	0.99422	0.99491	0.99546	0.99593	0.99635	0.99664	0.99687	0.99703
batch 139  MS-SSIM: 0.92609	0.96599	0.97856	0.98463	0.98819	0.99063	0.99224	0.99342	0.99422	0.99491	0.99546	0.99593	0.99635	0.99664	0.99687	0.99703
batch 140  MS-SSIM: 0.92588	0.96589	0.97850	0.98459	0.98816	0.99060	0.99222	0.99340	0.99420	0.99489	0.99545	0.99592	0.99634	0.99664	0.99686	0.99702
batch 141  MS-SSIM: 0.92599	0.96595	0.97855	0.98462	0.98819	0.99063	0.99224	0.99342	0.99422	0.99491	0.99546	0.99593	0.99635	0.99665	0.99687	0.99703
batch 142  MS-SSIM: 0.92618	0.96604	0.97860	0.98466	0.98822	0.99065	0.99226	0.99344	0.99424	0.99493	0.99548	0.99595	0.99637	0.99666	0.99688	0.99704
batch 143  MS-SSIM: 0.92634	0.96611	0.97865	0.98470	0.98825	0.99067	0.99228	0.99346	0.99425	0.99494	0.99549	0.99596	0.99638	0.99667	0.99689	0.99705
batch 144  MS-SSIM: 0.92609	0.96600	0.97859	0.98467	0.98823	0.99067	0.99228	0.99345	0.99425	0.99494	0.99549	0.99596	0.99638	0.99667	0.99689	0.99705
batch 145  MS-SSIM: 0.92622	0.96607	0.97864	0.98470	0.98826	0.99069	0.99230	0.99347	0.99427	0.99495	0.99550	0.99597	0.99639	0.99668	0.99690	0.99706
batch 146  MS-SSIM: 0.92601	0.96592	0.97852	0.98460	0.98818	0.99062	0.99223	0.99342	0.99422	0.99491	0.99546	0.99593	0.99635	0.99664	0.99687	0.99703
batch 147  MS-SSIM: 0.92624	0.96607	0.97862	0.98468	0.98823	0.99066	0.99227	0.99345	0.99424	0.99493	0.99548	0.99595	0.99637	0.99666	0.99688	0.99704
batch 148  MS-SSIM: 0.92637	0.96616	0.97868	0.98473	0.98828	0.99070	0.99230	0.99347	0.99426	0.99495	0.99550	0.99597	0.99638	0.99667	0.99690	0.99705
batch 149  MS-SSIM: 0.92648	0.96622	0.97873	0.98476	0.98830	0.99072	0.99232	0.99349	0.99428	0.99496	0.99551	0.99598	0.99639	0.99668	0.99690	0.99706
batch 150  MS-SSIM: 0.92629	0.96613	0.97867	0.98472	0.98827	0.99069	0.99230	0.99347	0.99427	0.99495	0.99550	0.99597	0.99638	0.99667	0.99690	0.99705
batch 151  MS-SSIM: 0.92615	0.96601	0.97857	0.98464	0.98820	0.99063	0.99224	0.99343	0.99422	0.99491	0.99547	0.99594	0.99635	0.99665	0.99687	0.99703
batch 152  MS-SSIM: 0.92628	0.96608	0.97862	0.98467	0.98823	0.99066	0.99226	0.99344	0.99424	0.99493	0.99548	0.99595	0.99636	0.99665	0.99688	0.99704
batch 153  MS-SSIM: 0.92653	0.96623	0.97872	0.98475	0.98828	0.99070	0.99230	0.99347	0.99427	0.99495	0.99550	0.99597	0.99638	0.99667	0.99689	0.99705
batch 154  MS-SSIM: 0.92669	0.96635	0.97880	0.98481	0.98833	0.99074	0.99234	0.99350	0.99429	0.99497	0.99552	0.99598	0.99640	0.99669	0.99691	0.99706
batch 155  MS-SSIM: 0.92686	0.96643	0.97886	0.98485	0.98836	0.99077	0.99236	0.99352	0.99431	0.99499	0.99553	0.99600	0.99641	0.99670	0.99692	0.99707
batch 156  MS-SSIM: 0.92719	0.96660	0.97897	0.98493	0.98843	0.99082	0.99240	0.99356	0.99434	0.99501	0.99556	0.99602	0.99643	0.99671	0.99693	0.99709
batch 157  MS-SSIM: 0.92708	0.96655	0.97894	0.98491	0.98842	0.99081	0.99239	0.99355	0.99434	0.99501	0.99556	0.99602	0.99643	0.99671	0.99693	0.99709
batch 158  MS-SSIM: 0.92742	0.96671	0.97904	0.98499	0.98847	0.99086	0.99243	0.99359	0.99437	0.99504	0.99558	0.99604	0.99645	0.99673	0.99695	0.99710
batch 159  MS-SSIM: 0.92775	0.96688	0.97915	0.98506	0.98853	0.99090	0.99247	0.99362	0.99439	0.99506	0.99560	0.99606	0.99646	0.99675	0.99696	0.99712
batch 160  MS-SSIM: 0.92752	0.96676	0.97909	0.98503	0.98851	0.99089	0.99246	0.99361	0.99439	0.99506	0.99560	0.99606	0.99646	0.99675	0.99697	0.99712
batch 161  MS-SSIM: 0.92730	0.96665	0.97902	0.98498	0.98847	0.99086	0.99243	0.99359	0.99437	0.99505	0.99559	0.99604	0.99645	0.99674	0.99696	0.99711
batch 162  MS-SSIM: 0.92762	0.96681	0.97912	0.98506	0.98853	0.99090	0.99247	0.99362	0.99440	0.99507	0.99561	0.99606	0.99647	0.99675	0.99697	0.99712
batch 163  MS-SSIM: 0.92741	0.96668	0.97902	0.98498	0.98846	0.99085	0.99242	0.99358	0.99436	0.99503	0.99557	0.99603	0.99644	0.99673	0.99695	0.99710
batch 164  MS-SSIM: 0.92748	0.96674	0.97908	0.98502	0.98850	0.99087	0.99245	0.99360	0.99438	0.99505	0.99559	0.99605	0.99645	0.99674	0.99695	0.99711
batch 165  MS-SSIM: 0.92728	0.96664	0.97901	0.98497	0.98846	0.99084	0.99242	0.99358	0.99436	0.99503	0.99558	0.99603	0.99644	0.99673	0.99695	0.99710
batch 166  MS-SSIM: 0.92761	0.96680	0.97911	0.98504	0.98851	0.99089	0.99246	0.99361	0.99439	0.99506	0.99560	0.99605	0.99646	0.99674	0.99696	0.99711
batch 167  MS-SSIM: 0.92770	0.96687	0.97916	0.98508	0.98855	0.99091	0.99248	0.99363	0.99440	0.99507	0.99561	0.99607	0.99647	0.99675	0.99697	0.99712
batch 168  MS-SSIM: 0.92785	0.96694	0.97920	0.98511	0.98857	0.99093	0.99250	0.99364	0.99442	0.99509	0.99562	0.99608	0.99648	0.99676	0.99698	0.99713
batch 169  MS-SSIM: 0.92779	0.96689	0.97915	0.98507	0.98853	0.99090	0.99247	0.99362	0.99439	0.99506	0.99560	0.99606	0.99646	0.99674	0.99696	0.99711
batch 170  MS-SSIM: 0.92761	0.96682	0.97912	0.98505	0.98852	0.99090	0.99247	0.99362	0.99439	0.99506	0.99560	0.99606	0.99646	0.99675	0.99697	0.99712
batch 171  MS-SSIM: 0.92779	0.96693	0.97920	0.98511	0.98857	0.99093	0.99250	0.99364	0.99442	0.99508	0.99562	0.99607	0.99648	0.99676	0.99698	0.99713
batch 172  MS-SSIM: 0.92772	0.96687	0.97915	0.98507	0.98853	0.99090	0.99247	0.99362	0.99439	0.99506	0.99560	0.99606	0.99646	0.99674	0.99696	0.99712
batch 173  MS-SSIM: 0.92759	0.96682	0.97911	0.98504	0.98851	0.99089	0.99246	0.99361	0.99439	0.99506	0.99560	0.99606	0.99646	0.99674	0.99696	0.99712
batch 174  MS-SSIM: 0.92742	0.96670	0.97903	0.98497	0.98845	0.99084	0.99241	0.99357	0.99435	0.99502	0.99557	0.99603	0.99643	0.99672	0.99694	0.99709
batch 175  MS-SSIM: 0.92756	0.96677	0.97907	0.98500	0.98848	0.99086	0.99243	0.99358	0.99436	0.99504	0.99558	0.99604	0.99644	0.99673	0.99695	0.99710
batch 176  MS-SSIM: 0.92739	0.96665	0.97898	0.98493	0.98841	0.99080	0.99238	0.99354	0.99433	0.99500	0.99555	0.99601	0.99642	0.99670	0.99692	0.99708
batch 177  MS-SSIM: 0.92748	0.96673	0.97903	0.98497	0.98845	0.99083	0.99241	0.99356	0.99434	0.99502	0.99556	0.99602	0.99643	0.99671	0.99693	0.99709
batch 178  MS-SSIM: 0.92758	0.96680	0.97908	0.98501	0.98848	0.99086	0.99243	0.99358	0.99436	0.99503	0.99557	0.99603	0.99644	0.99672	0.99694	0.99710
batch 179  MS-SSIM: 0.92738	0.96671	0.97903	0.98498	0.98846	0.99085	0.99242	0.99358	0.99436	0.99503	0.99557	0.99603	0.99644	0.99673	0.99695	0.99710
batch 180  MS-SSIM: 0.92747	0.96678	0.97908	0.98502	0.98850	0.99087	0.99245	0.99360	0.99437	0.99505	0.99559	0.99605	0.99645	0.99674	0.99695	0.99711
batch 181  MS-SSIM: 0.92756	0.96683	0.97912	0.98505	0.98852	0.99089	0.99246	0.99361	0.99439	0.99506	0.99560	0.99605	0.99646	0.99674	0.99696	0.99711
batch 182  MS-SSIM: 0.92736	0.96674	0.97908	0.98502	0.98850	0.99088	0.99246	0.99361	0.99439	0.99506	0.99560	0.99605	0.99646	0.99674	0.99696	0.99711
batch 183  MS-SSIM: 0.92726	0.96669	0.97905	0.98501	0.98849	0.99088	0.99245	0.99361	0.99438	0.99506	0.99560	0.99605	0.99646	0.99674	0.99696	0.99712
batch 184  MS-SSIM: 0.92717	0.96661	0.97898	0.98495	0.98845	0.99084	0.99242	0.99357	0.99435	0.99503	0.99557	0.99603	0.99644	0.99672	0.99694	0.99710
batch 185  MS-SSIM: 0.92729	0.96666	0.97901	0.98497	0.98846	0.99085	0.99243	0.99358	0.99436	0.99504	0.99558	0.99604	0.99645	0.99673	0.99695	0.99710
batch 186  MS-SSIM: 0.92738	0.96671	0.97905	0.98500	0.98848	0.99087	0.99244	0.99360	0.99437	0.99505	0.99559	0.99605	0.99645	0.99674	0.99696	0.99711
batch 187  MS-SSIM: 0.92744	0.96676	0.97909	0.98503	0.98851	0.99089	0.99246	0.99361	0.99439	0.99506	0.99560	0.99606	0.99646	0.99675	0.99696	0.99712
batch 188  MS-SSIM: 0.92727	0.96665	0.97901	0.98496	0.98845	0.99084	0.99242	0.99358	0.99435	0.99503	0.99557	0.99603	0.99644	0.99672	0.99694	0.99710
batch 189  MS-SSIM: 0.92755	0.96679	0.97910	0.98503	0.98850	0.99088	0.99245	0.99360	0.99438	0.99505	0.99559	0.99605	0.99645	0.99674	0.99696	0.99711
batch 190  MS-SSIM: 0.92762	0.96685	0.97914	0.98506	0.98853	0.99090	0.99247	0.99362	0.99439	0.99506	0.99560	0.99606	0.99646	0.99674	0.99696	0.99712
batch 191  MS-SSIM: 0.92751	0.96676	0.97907	0.98500	0.98848	0.99086	0.99243	0.99358	0.99436	0.99503	0.99557	0.99603	0.99644	0.99672	0.99694	0.99710
batch 192  MS-SSIM: 0.92759	0.96681	0.97911	0.98503	0.98850	0.99088	0.99245	0.99360	0.99437	0.99504	0.99558	0.99604	0.99645	0.99673	0.99695	0.99710
batch 193  MS-SSIM: 0.92742	0.96672	0.97905	0.98499	0.98847	0.99085	0.99242	0.99358	0.99435	0.99503	0.99557	0.99603	0.99644	0.99672	0.99694	0.99710
batch 194  MS-SSIM: 0.92732	0.96667	0.97903	0.98498	0.98846	0.99085	0.99242	0.99358	0.99435	0.99503	0.99557	0.99603	0.99644	0.99672	0.99694	0.99710
batch 195  MS-SSIM: 0.92713	0.96659	0.97898	0.98495	0.98844	0.99084	0.99242	0.99357	0.99435	0.99503	0.99557	0.99603	0.99644	0.99672	0.99694	0.99710
batch 196  MS-SSIM: 0.92704	0.96652	0.97892	0.98490	0.98840	0.99080	0.99238	0.99354	0.99433	0.99500	0.99555	0.99601	0.99642	0.99671	0.99693	0.99708
batch 197  MS-SSIM: 0.92699	0.96647	0.97888	0.98486	0.98837	0.99077	0.99236	0.99352	0.99430	0.99498	0.99553	0.99599	0.99641	0.99669	0.99692	0.99707
batch 198  MS-SSIM: 0.92715	0.96658	0.97895	0.98491	0.98841	0.99080	0.99238	0.99354	0.99432	0.99500	0.99555	0.99601	0.99642	0.99671	0.99693	0.99708
batch 199  MS-SSIM: 0.92722	0.96663	0.97899	0.98495	0.98844	0.99082	0.99240	0.99356	0.99434	0.99501	0.99556	0.99602	0.99643	0.99671	0.99694	0.99709
batch 200  MS-SSIM: 0.92730	0.96669	0.97904	0.98498	0.98847	0.99085	0.99242	0.99358	0.99435	0.99503	0.99557	0.99603	0.99644	0.99672	0.99694	0.99710
