batch 1  MS-SSIM: 0.89282	0.94833	0.96758	0.97665	0.98164	0.98532	0.98782	0.98975	0.99111	0.99216	0.99307	0.99378	0.99433	0.99480	0.99515	0.99538
batch 2  MS-SSIM: 0.92910	0.96885	0.98088	0.98633	0.98929	0.99147	0.99293	0.99404	0.99481	0.99542	0.99593	0.99634	0.99666	0.99693	0.99712	0.99726
batch 3  MS-SSIM: 0.92045	0.96508	0.97899	0.98538	0.98887	0.99127	0.99288	0.99405	0.99485	0.99548	0.99602	0.99644	0.99680	0.99708	0.99728	0.99742
batch 4  MS-SSIM: 0.91257	0.96053	0.97595	0.98305	0.98701	0.98973	0.99159	0.99295	0.99389	0.99464	0.99527	0.99576	0.99619	0.99651	0.99674	0.99691
batch 5  MS-SSIM: 0.90859	0.95746	0.97336	0.98086	0.98516	0.98816	0.99019	0.99168	0.99271	0.99359	0.99429	0.99487	0.99537	0.99574	0.99601	0.99621
batch 6  MS-SSIM: 0.90809	0.95745	0.97337	0.98095	0.98535	0.98834	0.99039	0.99185	0.99288	0.99373	0.99444	0.99502	0.99552	0.99588	0.99615	0.99634
batch 7  MS-SSIM: 0.90624	0.95620	0.97266	0.98046	0.98492	0.98796	0.99007	0.99160	0.99267	0.99355	0.99428	0.99487	0.99538	0.99576	0.99603	0.99623
batch 8  MS-SSIM: 0.91133	0.95860	0.97405	0.98145	0.98569	0.98861	0.99063	0.99209	0.99310	0.99395	0.99464	0.99520	0.99568	0.99603	0.99629	0.99648
batch 9  MS-SSIM: 0.91671	0.96192	0.97623	0.98305	0.98693	0.98960	0.99144	0.99277	0.99370	0.99447	0.99510	0.99561	0.99605	0.99637	0.99661	0.99677
batch 10  MS-SSIM: 0.91505	0.96021	0.97475	0.98176	0.98580	0.98864	0.99060	0.99201	0.99297	0.99381	0.99449	0.99505	0.99555	0.99591	0.99618	0.99637
batch 11  MS-SSIM: 0.91332	0.95858	0.97334	0.98048	0.98471	0.98771	0.98981	0.99133	0.99235	0.99324	0.99397	0.99459	0.99513	0.99552	0.99582	0.99603
batch 12  MS-SSIM: 0.91148	0.95774	0.97289	0.98020	0.98448	0.98754	0.98967	0.99122	0.99227	0.99318	0.99393	0.99455	0.99510	0.99549	0.99579	0.99600
batch 13  MS-SSIM: 0.91421	0.95928	0.97395	0.98099	0.98514	0.98808	0.99012	0.99161	0.99261	0.99349	0.99419	0.99479	0.99531	0.99569	0.99597	0.99617
batch 14  MS-SSIM: 0.91257	0.95842	0.97345	0.98063	0.98486	0.98785	0.98994	0.99146	0.99250	0.99339	0.99411	0.99472	0.99525	0.99563	0.99592	0.99612
batch 15  MS-SSIM: 0.91201	0.95825	0.97336	0.98062	0.98492	0.98792	0.99001	0.99152	0.99256	0.99345	0.99417	0.99478	0.99531	0.99569	0.99598	0.99618
batch 16  MS-SSIM: 0.91445	0.95951	0.97417	0.98124	0.98541	0.98832	0.99035	0.99182	0.99282	0.99368	0.99439	0.99497	0.99548	0.99585	0.99613	0.99632
batch 17  MS-SSIM: 0.91631	0.96074	0.97505	0.98192	0.98595	0.98877	0.99072	0.99213	0.99310	0.99392	0.99460	0.99516	0.99565	0.99601	0.99627	0.99646
batch 18  MS-SSIM: 0.91857	0.96218	0.97605	0.98267	0.98655	0.98925	0.99111	0.99246	0.99339	0.99418	0.99483	0.99537	0.99584	0.99618	0.99643	0.99661
batch 19  MS-SSIM: 0.91708	0.96138	0.97557	0.98232	0.98628	0.98903	0.99093	0.99231	0.99327	0.99408	0.99474	0.99528	0.99576	0.99611	0.99636	0.99655
batch 20  MS-SSIM: 0.91967	0.96281	0.97651	0.98301	0.98682	0.98946	0.99129	0.99262	0.99354	0.99431	0.99495	0.99547	0.99593	0.99626	0.99651	0.99669
batch 21  MS-SSIM: 0.92104	0.96373	0.97716	0.98351	0.98721	0.98978	0.99155	0.99284	0.99374	0.99449	0.99510	0.99561	0.99606	0.99638	0.99662	0.99678
batch 22  MS-SSIM: 0.92032	0.96344	0.97697	0.98339	0.98716	0.98976	0.99154	0.99284	0.99373	0.99449	0.99511	0.99562	0.99606	0.99638	0.99662	0.99679
batch 23  MS-SSIM: 0.91910	0.96251	0.97625	0.98280	0.98666	0.98934	0.99117	0.99250	0.99343	0.99421	0.99485	0.99538	0.99585	0.99618	0.99643	0.99661
batch 24  MS-SSIM: 0.91845	0.96219	0.97606	0.98271	0.98662	0.98933	0.99116	0.99250	0.99343	0.99421	0.99485	0.99539	0.99586	0.99619	0.99645	0.99662
batch 25  MS-SSIM: 0.91732	0.96173	0.97583	0.98262	0.98659	0.98933	0.99119	0.99253	0.99346	0.99425	0.99489	0.99543	0.99590	0.99623	0.99648	0.99666
batch 26  MS-SSIM: 0.91658	0.96107	0.97524	0.98209	0.98614	0.98894	0.99085	0.99223	0.99317	0.99399	0.99465	0.99521	0.99570	0.99605	0.99631	0.99650
batch 27  MS-SSIM: 0.91769	0.96170	0.97567	0.98241	0.98640	0.98915	0.99102	0.99238	0.99330	0.99410	0.99475	0.99530	0.99578	0.99612	0.99638	0.99656
batch 28  MS-SSIM: 0.91667	0.96112	0.97533	0.98216	0.98619	0.98898	0.99088	0.99226	0.99320	0.99402	0.99468	0.99523	0.99572	0.99606	0.99633	0.99651
batch 29  MS-SSIM: 0.91751	0.96164	0.97569	0.98245	0.98642	0.98918	0.99105	0.99240	0.99333	0.99412	0.99477	0.99532	0.99579	0.99613	0.99639	0.99657
batch 30  MS-SSIM: 0.91670	0.96134	0.97559	0.98243	0.98644	0.98921	0.99108	0.99244	0.99337	0.99416	0.99481	0.99535	0.99583	0.99617	0.99642	0.99660
batch 31  MS-SSIM: 0.91784	0.96189	0.97592	0.98268	0.98664	0.98937	0.99122	0.99256	0.99348	0.99426	0.99490	0.99543	0.99590	0.99623	0.99649	0.99666
batch 32  MS-SSIM: 0.91875	0.96229	0.97617	0.98285	0.98678	0.98949	0.99132	0.99265	0.99356	0.99434	0.99497	0.99550	0.99596	0.99629	0.99654	0.99671
batch 33  MS-SSIM: 0.91795	0.96185	0.97589	0.98266	0.98662	0.98936	0.99122	0.99256	0.99349	0.99427	0.99491	0.99545	0.99591	0.99625	0.99650	0.99667
batch 34  MS-SSIM: 0.91720	0.96127	0.97544	0.98227	0.98629	0.98908	0.99097	0.99235	0.99329	0.99409	0.99475	0.99529	0.99577	0.99611	0.99637	0.99655
batch 35  MS-SSIM: 0.91690	0.96118	0.97539	0.98225	0.98629	0.98909	0.99098	0.99236	0.99330	0.99410	0.99476	0.99531	0.99578	0.99613	0.99638	0.99656
batch 36  MS-SSIM: 0.91791	0.96168	0.97571	0.98248	0.98647	0.98924	0.99111	0.99247	0.99340	0.99419	0.99484	0.99538	0.99585	0.99619	0.99644	0.99662
batch 37  MS-SSIM: 0.91732	0.96155	0.97566	0.98250	0.98652	0.98930	0.99116	0.99252	0.99344	0.99423	0.99488	0.99542	0.99589	0.99622	0.99647	0.99665
batch 38  MS-SSIM: 0.91806	0.96198	0.97595	0.98272	0.98669	0.98943	0.99128	0.99261	0.99353	0.99431	0.99495	0.99548	0.99594	0.99627	0.99652	0.99669
batch 39  MS-SSIM: 0.91878	0.96239	0.97622	0.98292	0.98685	0.98956	0.99139	0.99271	0.99361	0.99438	0.99501	0.99553	0.99599	0.99631	0.99656	0.99673
batch 40  MS-SSIM: 0.91812	0.96188	0.97583	0.98259	0.98657	0.98933	0.99118	0.99252	0.99344	0.99423	0.99486	0.99540	0.99587	0.99620	0.99645	0.99663
batch 41  MS-SSIM: 0.91756	0.96163	0.97570	0.98252	0.98654	0.98932	0.99118	0.99253	0.99345	0.99424	0.99488	0.99542	0.99588	0.99622	0.99647	0.99665
batch 42  MS-SSIM: 0.91712	0.96123	0.97534	0.98220	0.98626	0.98908	0.99097	0.99234	0.99328	0.99408	0.99473	0.99528	0.99576	0.99611	0.99637	0.99655
batch 43  MS-SSIM: 0.91642	0.96077	0.97497	0.98190	0.98601	0.98886	0.99078	0.99217	0.99312	0.99394	0.99460	0.99516	0.99565	0.99600	0.99627	0.99645
batch 44  MS-SSIM: 0.91590	0.96049	0.97483	0.98179	0.98592	0.98879	0.99072	0.99212	0.99308	0.99391	0.99457	0.99513	0.99563	0.99598	0.99625	0.99644
batch 45  MS-SSIM: 0.91564	0.96038	0.97477	0.98176	0.98592	0.98880	0.99073	0.99213	0.99309	0.99392	0.99458	0.99514	0.99564	0.99599	0.99626	0.99645
batch 46  MS-SSIM: 0.91629	0.96089	0.97513	0.98204	0.98614	0.98897	0.99088	0.99226	0.99320	0.99402	0.99467	0.99522	0.99571	0.99606	0.99632	0.99651
batch 47  MS-SSIM: 0.91703	0.96125	0.97535	0.98220	0.98626	0.98908	0.99097	0.99234	0.99328	0.99408	0.99473	0.99528	0.99576	0.99610	0.99637	0.99655
batch 48  MS-SSIM: 0.91762	0.96166	0.97564	0.98243	0.98644	0.98922	0.99109	0.99244	0.99336	0.99416	0.99480	0.99534	0.99582	0.99616	0.99641	0.99659
batch 49  MS-SSIM: 0.91837	0.96201	0.97586	0.98259	0.98657	0.98932	0.99118	0.99252	0.99343	0.99422	0.99486	0.99539	0.99586	0.99620	0.99645	0.99663
batch 50  MS-SSIM: 0.91908	0.96245	0.97616	0.98282	0.98675	0.98947	0.99130	0.99262	0.99352	0.99430	0.99493	0.99545	0.99592	0.99625	0.99650	0.99667
batch 51  MS-SSIM: 0.91875	0.96216	0.97591	0.98259	0.98655	0.98930	0.99114	0.99248	0.99340	0.99419	0.99482	0.99536	0.99583	0.99617	0.99643	0.99660
batch 52  MS-SSIM: 0.91817	0.96176	0.97561	0.98235	0.98635	0.98913	0.99100	0.99235	0.99327	0.99408	0.99472	0.99526	0.99574	0.99609	0.99635	0.99653
batch 53  MS-SSIM: 0.91916	0.96230	0.97597	0.98261	0.98656	0.98929	0.99113	0.99246	0.99338	0.99417	0.99480	0.99534	0.99581	0.99615	0.99640	0.99658
batch 54  MS-SSIM: 0.92012	0.96282	0.97632	0.98287	0.98675	0.98945	0.99126	0.99258	0.99347	0.99425	0.99488	0.99541	0.99587	0.99621	0.99646	0.99663
batch 55  MS-SSIM: 0.92068	0.96320	0.97658	0.98306	0.98691	0.98958	0.99137	0.99266	0.99355	0.99432	0.99494	0.99546	0.99592	0.99625	0.99650	0.99667
batch 56  MS-SSIM: 0.92120	0.96344	0.97673	0.98317	0.98699	0.98965	0.99143	0.99272	0.99360	0.99437	0.99498	0.99550	0.99596	0.99628	0.99653	0.99670
batch 57  MS-SSIM: 0.92094	0.96333	0.97667	0.98315	0.98699	0.98965	0.99143	0.99272	0.99361	0.99437	0.99499	0.99551	0.99596	0.99629	0.99654	0.99671
batch 58  MS-SSIM: 0.92177	0.96378	0.97698	0.98337	0.98716	0.98978	0.99155	0.99282	0.99370	0.99445	0.99506	0.99557	0.99602	0.99634	0.99659	0.99676
batch 59  MS-SSIM: 0.92148	0.96367	0.97690	0.98333	0.98714	0.98978	0.99155	0.99282	0.99370	0.99445	0.99506	0.99557	0.99602	0.99635	0.99659	0.99676
batch 60  MS-SSIM: 0.92184	0.96388	0.97706	0.98345	0.98723	0.98985	0.99161	0.99288	0.99375	0.99450	0.99510	0.99561	0.99605	0.99637	0.99662	0.99678
batch 61  MS-SSIM: 0.92245	0.96427	0.97732	0.98365	0.98739	0.98998	0.99171	0.99296	0.99382	0.99456	0.99516	0.99566	0.99610	0.99642	0.99666	0.99682
batch 62  MS-SSIM: 0.92319	0.96469	0.97760	0.98385	0.98755	0.99010	0.99182	0.99305	0.99390	0.99463	0.99522	0.99571	0.99615	0.99646	0.99670	0.99686
batch 63  MS-SSIM: 0.92366	0.96501	0.97783	0.98402	0.98768	0.99021	0.99191	0.99313	0.99397	0.99469	0.99528	0.99576	0.99619	0.99650	0.99674	0.99690
batch 64  MS-SSIM: 0.92439	0.96540	0.97809	0.98421	0.98783	0.99033	0.99201	0.99321	0.99404	0.99476	0.99533	0.99581	0.99624	0.99655	0.99678	0.99694
batch 65  MS-SSIM: 0.92511	0.96579	0.97834	0.98440	0.98797	0.99044	0.99210	0.99329	0.99411	0.99482	0.99539	0.99587	0.99629	0.99659	0.99682	0.99697
batch 66  MS-SSIM: 0.92481	0.96565	0.97826	0.98434	0.98794	0.99043	0.99209	0.99328	0.99411	0.99481	0.99538	0.99586	0.99628	0.99659	0.99682	0.99697
batch 67  MS-SSIM: 0.92546	0.96601	0.97850	0.98452	0.98808	0.99053	0.99218	0.99336	0.99417	0.99487	0.99544	0.99591	0.99633	0.99663	0.99685	0.99701
batch 68  MS-SSIM: 0.92504	0.96584	0.97842	0.98448	0.98806	0.99053	0.99218	0.99337	0.99418	0.99488	0.99545	0.99592	0.99634	0.99664	0.99686	0.99702
batch 69  MS-SSIM: 0.92464	0.96566	0.97832	0.98444	0.98804	0.99053	0.99218	0.99337	0.99418	0.99489	0.99545	0.99593	0.99634	0.99664	0.99687	0.99703
batch 70  MS-SSIM: 0.92495	0.96587	0.97848	0.98456	0.98814	0.99060	0.99225	0.99343	0.99423	0.99493	0.99549	0.99596	0.99637	0.99667	0.99689	0.99705
batch 71  MS-SSIM: 0.92444	0.96553	0.97823	0.98435	0.98797	0.99046	0.99212	0.99331	0.99413	0.99484	0.99541	0.99588	0.99630	0.99660	0.99683	0.99699
batch 72  MS-SSIM: 0.92392	0.96519	0.97797	0.98414	0.98779	0.99031	0.99199	0.99320	0.99403	0.99474	0.99532	0.99580	0.99623	0.99653	0.99677	0.99693
batch 73  MS-SSIM: 0.92371	0.96513	0.97797	0.98417	0.98782	0.99034	0.99202	0.99322	0.99405	0.99476	0.99534	0.99582	0.99625	0.99655	0.99678	0.99694
batch 74  MS-SSIM: 0.92402	0.96530	0.97809	0.98426	0.98789	0.99040	0.99207	0.99326	0.99408	0.99479	0.99537	0.99584	0.99627	0.99657	0.99680	0.99696
batch 75  MS-SSIM: 0.92440	0.96557	0.97828	0.98440	0.98800	0.99049	0.99214	0.99333	0.99414	0.99484	0.99541	0.99588	0.99630	0.99660	0.99683	0.99699
batch 76  MS-SSIM: 0.92410	0.96532	0.97806	0.98421	0.98784	0.99035	0.99202	0.99322	0.99404	0.99476	0.99533	0.99581	0.99624	0.99655	0.99678	0.99694
batch 77  MS-SSIM: 0.92431	0.96546	0.97816	0.98429	0.98791	0.99041	0.99207	0.99326	0.99408	0.99479	0.99536	0.99584	0.99626	0.99656	0.99679	0.99695
batch 78  MS-SSIM: 0.92408	0.96536	0.97810	0.98425	0.98789	0.99040	0.99206	0.99326	0.99408	0.99478	0.99536	0.99584	0.99626	0.99657	0.99680	0.99695
batch 79  MS-SSIM: 0.92370	0.96514	0.97797	0.98416	0.98781	0.99033	0.99201	0.99321	0.99404	0.99475	0.99533	0.99581	0.99624	0.99654	0.99678	0.99694
batch 80  MS-SSIM: 0.92403	0.96537	0.97814	0.98429	0.98792	0.99042	0.99208	0.99327	0.99409	0.99480	0.99537	0.99585	0.99627	0.99658	0.99681	0.99696
batch 81  MS-SSIM: 0.92361	0.96514	0.97801	0.98419	0.98784	0.99035	0.99202	0.99323	0.99405	0.99477	0.99534	0.99582	0.99625	0.99655	0.99678	0.99694
batch 82  MS-SSIM: 0.92405	0.96541	0.97818	0.98432	0.98794	0.99043	0.99209	0.99328	0.99410	0.99481	0.99538	0.99586	0.99628	0.99658	0.99681	0.99697
batch 83  MS-SSIM: 0.92462	0.96571	0.97838	0.98447	0.98805	0.99052	0.99216	0.99335	0.99416	0.99486	0.99542	0.99590	0.99632	0.99661	0.99684	0.99700
batch 84  MS-SSIM: 0.92513	0.96600	0.97857	0.98461	0.98816	0.99060	0.99223	0.99341	0.99421	0.99491	0.99546	0.99593	0.99635	0.99665	0.99687	0.99702
batch 85  MS-SSIM: 0.92567	0.96628	0.97875	0.98474	0.98826	0.99069	0.99230	0.99346	0.99426	0.99495	0.99551	0.99597	0.99638	0.99668	0.99690	0.99705
batch 86  MS-SSIM: 0.92544	0.96617	0.97869	0.98470	0.98824	0.99067	0.99229	0.99346	0.99426	0.99495	0.99550	0.99597	0.99638	0.99668	0.99690	0.99705
batch 87  MS-SSIM: 0.92572	0.96633	0.97880	0.98478	0.98830	0.99072	0.99233	0.99349	0.99429	0.99497	0.99553	0.99599	0.99640	0.99669	0.99691	0.99707
batch 88  MS-SSIM: 0.92534	0.96612	0.97867	0.98469	0.98823	0.99066	0.99228	0.99345	0.99425	0.99494	0.99550	0.99597	0.99638	0.99667	0.99689	0.99705
batch 89  MS-SSIM: 0.92582	0.96639	0.97884	0.98481	0.98833	0.99074	0.99235	0.99351	0.99430	0.99499	0.99554	0.99600	0.99641	0.99670	0.99692	0.99707
batch 90  MS-SSIM: 0.92607	0.96651	0.97891	0.98487	0.98837	0.99078	0.99238	0.99353	0.99433	0.99501	0.99556	0.99602	0.99643	0.99672	0.99694	0.99709
batch 91  MS-SSIM: 0.92567	0.96632	0.97881	0.98481	0.98834	0.99076	0.99237	0.99353	0.99432	0.99501	0.99556	0.99602	0.99643	0.99672	0.99694	0.99709
batch 92  MS-SSIM: 0.92546	0.96623	0.97876	0.98478	0.98832	0.99074	0.99236	0.99352	0.99432	0.99500	0.99555	0.99602	0.99643	0.99672	0.99694	0.99709
batch 93  MS-SSIM: 0.92511	0.96598	0.97856	0.98461	0.98818	0.99063	0.99226	0.99343	0.99423	0.99493	0.99548	0.99596	0.99637	0.99666	0.99689	0.99704
batch 94  MS-SSIM: 0.92488	0.96591	0.97855	0.98463	0.98820	0.99065	0.99228	0.99345	0.99425	0.99494	0.99550	0.99597	0.99638	0.99668	0.99690	0.99705
batch 95  MS-SSIM: 0.92467	0.96581	0.97850	0.98459	0.98818	0.99064	0.99227	0.99344	0.99425	0.99494	0.99550	0.99597	0.99638	0.99668	0.99690	0.99705
batch 96  MS-SSIM: 0.92495	0.96600	0.97863	0.98469	0.98826	0.99070	0.99232	0.99348	0.99428	0.99497	0.99553	0.99599	0.99640	0.99670	0.99692	0.99707
batch 97  MS-SSIM: 0.92469	0.96578	0.97844	0.98452	0.98812	0.99057	0.99221	0.99339	0.99420	0.99489	0.99545	0.99593	0.99635	0.99664	0.99687	0.99702
batch 98  MS-SSIM: 0.92436	0.96556	0.97828	0.98439	0.98801	0.99048	0.99213	0.99332	0.99413	0.99483	0.99540	0.99588	0.99630	0.99660	0.99683	0.99699
batch 99  MS-SSIM: 0.92409	0.96534	0.97809	0.98423	0.98787	0.99036	0.99203	0.99323	0.99405	0.99476	0.99533	0.99582	0.99624	0.99655	0.99678	0.99694
batch 100  MS-SSIM: 0.92430	0.96549	0.97820	0.98432	0.98794	0.99042	0.99207	0.99326	0.99408	0.99479	0.99536	0.99584	0.99627	0.99657	0.99680	0.99696
batch 101  MS-SSIM: 0.92412	0.96541	0.97816	0.98429	0.98792	0.99041	0.99207	0.99326	0.99408	0.99479	0.99536	0.99584	0.99627	0.99657	0.99680	0.99696
batch 102  MS-SSIM: 0.92382	0.96521	0.97801	0.98417	0.98782	0.99033	0.99199	0.99319	0.99402	0.99473	0.99531	0.99580	0.99622	0.99653	0.99676	0.99692
batch 103  MS-SSIM: 0.92360	0.96502	0.97785	0.98403	0.98770	0.99023	0.99191	0.99312	0.99395	0.99467	0.99525	0.99574	0.99618	0.99649	0.99672	0.99688
batch 104  MS-SSIM: 0.92401	0.96525	0.97800	0.98414	0.98779	0.99029	0.99196	0.99317	0.99399	0.99471	0.99528	0.99577	0.99620	0.99651	0.99674	0.99690
batch 105  MS-SSIM: 0.92419	0.96536	0.97808	0.98420	0.98784	0.99033	0.99200	0.99320	0.99402	0.99473	0.99530	0.99579	0.99622	0.99652	0.99675	0.99692
batch 106  MS-SSIM: 0.92461	0.96559	0.97823	0.98432	0.98792	0.99040	0.99205	0.99324	0.99406	0.99477	0.99534	0.99582	0.99624	0.99655	0.99678	0.99694
batch 107  MS-SSIM: 0.92503	0.96582	0.97839	0.98443	0.98801	0.99047	0.99211	0.99329	0.99410	0.99481	0.99537	0.99585	0.99627	0.99657	0.99680	0.99696
batch 108  MS-SSIM: 0.92486	0.96575	0.97834	0.98440	0.98799	0.99046	0.99210	0.99329	0.99410	0.99480	0.99537	0.99585	0.99627	0.99657	0.99680	0.99696
batch 109  MS-SSIM: 0.92453	0.96553	0.97817	0.98427	0.98788	0.99037	0.99202	0.99322	0.99403	0.99475	0.99531	0.99580	0.99623	0.99653	0.99676	0.99692
batch 110  MS-SSIM: 0.92473	0.96566	0.97827	0.98435	0.98795	0.99042	0.99207	0.99325	0.99407	0.99477	0.99534	0.99582	0.99625	0.99655	0.99678	0.99694
batch 111  MS-SSIM: 0.92443	0.96550	0.97817	0.98428	0.98789	0.99037	0.99203	0.99322	0.99404	0.99475	0.99532	0.99580	0.99623	0.99653	0.99676	0.99692
batch 112  MS-SSIM: 0.92427	0.96542	0.97812	0.98425	0.98788	0.99037	0.99202	0.99322	0.99404	0.99475	0.99532	0.99580	0.99623	0.99653	0.99676	0.99692
batch 113  MS-SSIM: 0.92453	0.96559	0.97824	0.98434	0.98794	0.99042	0.99207	0.99326	0.99407	0.99478	0.99534	0.99583	0.99625	0.99655	0.99678	0.99694
batch 114  MS-SSIM: 0.92423	0.96545	0.97815	0.98427	0.98789	0.99038	0.99203	0.99323	0.99405	0.99476	0.99533	0.99581	0.99624	0.99654	0.99677	0.99693
batch 115  MS-SSIM: 0.92394	0.96529	0.97805	0.98420	0.98783	0.99033	0.99200	0.99320	0.99402	0.99473	0.99531	0.99579	0.99622	0.99652	0.99676	0.99692
batch 116  MS-SSIM: 0.92365	0.96517	0.97799	0.98417	0.98782	0.99033	0.99199	0.99320	0.99402	0.99474	0.99531	0.99580	0.99622	0.99653	0.99676	0.99692
batch 117  MS-SSIM: 0.92385	0.96529	0.97807	0.98423	0.98787	0.99037	0.99203	0.99323	0.99405	0.99476	0.99533	0.99581	0.99624	0.99654	0.99677	0.99693
batch 118  MS-SSIM: 0.92367	0.96514	0.97794	0.98411	0.98777	0.99028	0.99196	0.99316	0.99399	0.99471	0.99528	0.99577	0.99620	0.99651	0.99674	0.99690
batch 119  MS-SSIM: 0.92396	0.96531	0.97806	0.98420	0.98784	0.99034	0.99200	0.99320	0.99402	0.99474	0.99531	0.99579	0.99622	0.99652	0.99676	0.99692
batch 120  MS-SSIM: 0.92374	0.96514	0.97792	0.98408	0.98773	0.99025	0.99192	0.99313	0.99396	0.99468	0.99525	0.99574	0.99618	0.99648	0.99672	0.99688
batch 121  MS-SSIM: 0.92396	0.96525	0.97798	0.98413	0.98777	0.99028	0.99195	0.99316	0.99398	0.99470	0.99527	0.99576	0.99619	0.99650	0.99673	0.99689
batch 122  MS-SSIM: 0.92372	0.96511	0.97790	0.98407	0.98772	0.99024	0.99192	0.99313	0.99396	0.99468	0.99526	0.99574	0.99618	0.99648	0.99672	0.99688
batch 123  MS-SSIM: 0.92394	0.96524	0.97800	0.98414	0.98778	0.99029	0.99196	0.99316	0.99399	0.99470	0.99528	0.99577	0.99620	0.99650	0.99674	0.99690
batch 124  MS-SSIM: 0.92369	0.96506	0.97786	0.98403	0.98768	0.99020	0.99188	0.99310	0.99393	0.99465	0.99523	0.99572	0.99615	0.99646	0.99670	0.99686
batch 125  MS-SSIM: 0.92342	0.96491	0.97777	0.98396	0.98763	0.99016	0.99185	0.99307	0.99390	0.99463	0.99521	0.99570	0.99614	0.99645	0.99669	0.99685
batch 126  MS-SSIM: 0.92359	0.96506	0.97787	0.98405	0.98770	0.99022	0.99189	0.99311	0.99394	0.99466	0.99524	0.99573	0.99616	0.99647	0.99671	0.99687
batch 127  MS-SSIM: 0.92341	0.96492	0.97775	0.98394	0.98761	0.99014	0.99183	0.99305	0.99389	0.99461	0.99519	0.99569	0.99613	0.99644	0.99667	0.99684
batch 128  MS-SSIM: 0.92315	0.96481	0.97770	0.98391	0.98759	0.99013	0.99183	0.99305	0.99389	0.99461	0.99520	0.99569	0.99613	0.99644	0.99668	0.99684
batch 129  MS-SSIM: 0.92302	0.96475	0.97767	0.98389	0.98759	0.99013	0.99182	0.99305	0.99389	0.99461	0.99520	0.99569	0.99613	0.99644	0.99668	0.99685
batch 130  MS-SSIM: 0.92324	0.96485	0.97773	0.98394	0.98762	0.99016	0.99185	0.99307	0.99391	0.99463	0.99522	0.99571	0.99615	0.99646	0.99669	0.99686
batch 131  MS-SSIM: 0.92301	0.96474	0.97768	0.98392	0.98762	0.99016	0.99185	0.99308	0.99391	0.99464	0.99522	0.99572	0.99615	0.99646	0.99670	0.99686
batch 132  MS-SSIM: 0.92324	0.96485	0.97775	0.98397	0.98765	0.99019	0.99188	0.99310	0.99393	0.99466	0.99524	0.99573	0.99617	0.99648	0.99671	0.99687
batch 133  MS-SSIM: 0.92307	0.96472	0.97763	0.98387	0.98757	0.99012	0.99181	0.99304	0.99388	0.99461	0.99519	0.99569	0.99613	0.99644	0.99668	0.99684
batch 134  MS-SSIM: 0.92284	0.96459	0.97756	0.98381	0.98752	0.99008	0.99178	0.99302	0.99386	0.99459	0.99518	0.99568	0.99612	0.99643	0.99667	0.99683
batch 135  MS-SSIM: 0.92270	0.96447	0.97745	0.98372	0.98744	0.99001	0.99173	0.99297	0.99381	0.99455	0.99514	0.99564	0.99608	0.99640	0.99664	0.99681
batch 136  MS-SSIM: 0.92288	0.96460	0.97754	0.98380	0.98750	0.99006	0.99176	0.99300	0.99384	0.99457	0.99516	0.99566	0.99610	0.99641	0.99665	0.99682
batch 137  MS-SSIM: 0.92319	0.96478	0.97766	0.98388	0.98757	0.99011	0.99181	0.99304	0.99387	0.99460	0.99519	0.99568	0.99612	0.99643	0.99667	0.99684
batch 138  MS-SSIM: 0.92338	0.96488	0.97773	0.98393	0.98761	0.99014	0.99184	0.99306	0.99389	0.99462	0.99520	0.99570	0.99614	0.99645	0.99669	0.99685
batch 139  MS-SSIM: 0.92316	0.96472	0.97760	0.98383	0.98752	0.99007	0.99177	0.99300	0.99384	0.99457	0.99516	0.99566	0.99610	0.99641	0.99665	0.99682
batch 140  MS-SSIM: 0.92333	0.96484	0.97769	0.98390	0.98757	0.99011	0.99181	0.99303	0.99387	0.99460	0.99518	0.99568	0.99612	0.99643	0.99667	0.99683
batch 141  MS-SSIM: 0.92307	0.96468	0.97757	0.98379	0.98749	0.99004	0.99174	0.99298	0.99382	0.99455	0.99514	0.99564	0.99608	0.99640	0.99664	0.99680
batch 142  MS-SSIM: 0.92282	0.96451	0.97744	0.98369	0.98740	0.98997	0.99168	0.99292	0.99377	0.99450	0.99510	0.99560	0.99604	0.99636	0.99660	0.99677
batch 143  MS-SSIM: 0.92300	0.96461	0.97751	0.98374	0.98744	0.99000	0.99171	0.99294	0.99379	0.99452	0.99511	0.99561	0.99606	0.99637	0.99662	0.99678
batch 144  MS-SSIM: 0.92320	0.96471	0.97757	0.98379	0.98748	0.99003	0.99174	0.99297	0.99381	0.99454	0.99513	0.99563	0.99607	0.99639	0.99663	0.99679
batch 145  MS-SSIM: 0.92353	0.96489	0.97769	0.98388	0.98755	0.99009	0.99178	0.99301	0.99384	0.99457	0.99516	0.99565	0.99609	0.99641	0.99665	0.99681
batch 146  MS-SSIM: 0.92333	0.96480	0.97765	0.98386	0.98754	0.99009	0.99178	0.99301	0.99385	0.99458	0.99516	0.99566	0.99610	0.99641	0.99665	0.99682
batch 147  MS-SSIM: 0.92356	0.96495	0.97775	0.98394	0.98760	0.99014	0.99182	0.99304	0.99388	0.99460	0.99519	0.99568	0.99612	0.99643	0.99667	0.99683
batch 148  MS-SSIM: 0.92341	0.96490	0.97773	0.98393	0.98761	0.99014	0.99183	0.99305	0.99389	0.99461	0.99519	0.99569	0.99613	0.99644	0.99668	0.99684
batch 149  MS-SSIM: 0.92329	0.96485	0.97770	0.98392	0.98760	0.99014	0.99183	0.99305	0.99389	0.99461	0.99520	0.99569	0.99613	0.99644	0.99668	0.99684
batch 150  MS-SSIM: 0.92345	0.96496	0.97778	0.98398	0.98765	0.99018	0.99186	0.99308	0.99391	0.99463	0.99521	0.99571	0.99614	0.99645	0.99669	0.99685
batch 151  MS-SSIM: 0.92322	0.96487	0.97773	0.98396	0.98764	0.99018	0.99186	0.99308	0.99391	0.99464	0.99522	0.99571	0.99615	0.99646	0.99670	0.99686
batch 152  MS-SSIM: 0.92302	0.96476	0.97766	0.98391	0.98760	0.99014	0.99183	0.99306	0.99389	0.99462	0.99520	0.99570	0.99614	0.99645	0.99668	0.99685
batch 153  MS-SSIM: 0.92325	0.96491	0.97777	0.98398	0.98766	0.99019	0.99187	0.99309	0.99392	0.99465	0.99523	0.99572	0.99615	0.99646	0.99670	0.99686
batch 154  MS-SSIM: 0.92308	0.96477	0.97765	0.98388	0.98757	0.99012	0.99181	0.99304	0.99387	0.99460	0.99518	0.99568	0.99612	0.99643	0.99667	0.99683
batch 155  MS-SSIM: 0.92326	0.96489	0.97774	0.98395	0.98762	0.99016	0.99184	0.99306	0.99390	0.99462	0.99520	0.99570	0.99614	0.99645	0.99668	0.99685
batch 156  MS-SSIM: 0.92351	0.96505	0.97784	0.98403	0.98768	0.99021	0.99188	0.99310	0.99393	0.99465	0.99523	0.99572	0.99615	0.99646	0.99670	0.99686
batch 157  MS-SSIM: 0.92370	0.96513	0.97789	0.98406	0.98771	0.99023	0.99190	0.99312	0.99394	0.99466	0.99524	0.99573	0.99617	0.99647	0.99671	0.99687
batch 158  MS-SSIM: 0.92357	0.96507	0.97785	0.98404	0.98770	0.99022	0.99190	0.99311	0.99394	0.99466	0.99524	0.99573	0.99616	0.99647	0.99671	0.99687
batch 159  MS-SSIM: 0.92337	0.96494	0.97776	0.98397	0.98764	0.99017	0.99185	0.99307	0.99390	0.99463	0.99521	0.99570	0.99614	0.99645	0.99669	0.99685
batch 160  MS-SSIM: 0.92321	0.96481	0.97765	0.98387	0.98756	0.99010	0.99179	0.99302	0.99386	0.99459	0.99517	0.99567	0.99611	0.99642	0.99666	0.99682
batch 161  MS-SSIM: 0.92302	0.96473	0.97761	0.98386	0.98755	0.99010	0.99179	0.99302	0.99386	0.99459	0.99517	0.99567	0.99611	0.99642	0.99666	0.99683
batch 162  MS-SSIM: 0.92320	0.96482	0.97766	0.98389	0.98758	0.99012	0.99182	0.99304	0.99388	0.99460	0.99519	0.99569	0.99612	0.99644	0.99667	0.99684
batch 163  MS-SSIM: 0.92338	0.96489	0.97771	0.98393	0.98760	0.99015	0.99184	0.99306	0.99389	0.99462	0.99520	0.99570	0.99613	0.99645	0.99668	0.99685
batch 164  MS-SSIM: 0.92356	0.96498	0.97777	0.98397	0.98764	0.99017	0.99186	0.99308	0.99391	0.99464	0.99522	0.99571	0.99615	0.99646	0.99669	0.99686
batch 165  MS-SSIM: 0.92370	0.96505	0.97782	0.98401	0.98767	0.99020	0.99188	0.99310	0.99393	0.99465	0.99523	0.99572	0.99616	0.99647	0.99670	0.99687
batch 166  MS-SSIM: 0.92392	0.96519	0.97791	0.98408	0.98772	0.99024	0.99192	0.99313	0.99395	0.99467	0.99525	0.99574	0.99617	0.99648	0.99672	0.99688
batch 167  MS-SSIM: 0.92406	0.96531	0.97799	0.98414	0.98777	0.99028	0.99195	0.99316	0.99398	0.99470	0.99527	0.99576	0.99619	0.99650	0.99673	0.99689
batch 168  MS-SSIM: 0.92418	0.96537	0.97804	0.98418	0.98780	0.99031	0.99197	0.99318	0.99400	0.99471	0.99528	0.99577	0.99620	0.99651	0.99674	0.99690
batch 169  MS-SSIM: 0.92401	0.96530	0.97800	0.98416	0.98780	0.99031	0.99197	0.99318	0.99400	0.99471	0.99529	0.99577	0.99620	0.99651	0.99674	0.99690
batch 170  MS-SSIM: 0.92386	0.96523	0.97796	0.98414	0.98779	0.99030	0.99197	0.99318	0.99400	0.99471	0.99529	0.99578	0.99621	0.99651	0.99675	0.99691
batch 171  MS-SSIM: 0.92402	0.96531	0.97801	0.98418	0.98781	0.99033	0.99199	0.99320	0.99402	0.99473	0.99530	0.99579	0.99622	0.99652	0.99676	0.99692
batch 172  MS-SSIM: 0.92427	0.96545	0.97810	0.98425	0.98787	0.99037	0.99203	0.99323	0.99404	0.99475	0.99532	0.99581	0.99623	0.99654	0.99677	0.99693
batch 173  MS-SSIM: 0.92439	0.96554	0.97817	0.98430	0.98791	0.99040	0.99206	0.99325	0.99406	0.99477	0.99534	0.99582	0.99625	0.99655	0.99678	0.99694
batch 174  MS-SSIM: 0.92420	0.96543	0.97811	0.98425	0.98787	0.99037	0.99203	0.99323	0.99405	0.99476	0.99533	0.99581	0.99624	0.99654	0.99677	0.99693
batch 175  MS-SSIM: 0.92409	0.96538	0.97808	0.98423	0.98786	0.99037	0.99203	0.99323	0.99405	0.99475	0.99533	0.99581	0.99624	0.99654	0.99677	0.99693
batch 176  MS-SSIM: 0.92432	0.96552	0.97817	0.98430	0.98791	0.99041	0.99206	0.99326	0.99407	0.99478	0.99534	0.99583	0.99625	0.99655	0.99678	0.99694
batch 177  MS-SSIM: 0.92444	0.96559	0.97821	0.98433	0.98794	0.99043	0.99208	0.99327	0.99408	0.99479	0.99536	0.99584	0.99626	0.99656	0.99679	0.99695
batch 178  MS-SSIM: 0.92470	0.96573	0.97831	0.98440	0.98799	0.99047	0.99211	0.99330	0.99411	0.99481	0.99538	0.99586	0.99628	0.99658	0.99681	0.99696
batch 179  MS-SSIM: 0.92490	0.96584	0.97838	0.98446	0.98804	0.99051	0.99214	0.99333	0.99413	0.99483	0.99539	0.99587	0.99629	0.99659	0.99682	0.99698
batch 180  MS-SSIM: 0.92477	0.96573	0.97829	0.98438	0.98797	0.99045	0.99209	0.99328	0.99409	0.99479	0.99536	0.99584	0.99626	0.99656	0.99679	0.99695
batch 181  MS-SSIM: 0.92489	0.96580	0.97834	0.98441	0.98800	0.99047	0.99211	0.99330	0.99410	0.99481	0.99537	0.99585	0.99627	0.99657	0.99680	0.99696
batch 182  MS-SSIM: 0.92474	0.96568	0.97824	0.98433	0.98793	0.99041	0.99206	0.99325	0.99406	0.99477	0.99534	0.99582	0.99624	0.99654	0.99678	0.99694
batch 183  MS-SSIM: 0.92487	0.96575	0.97829	0.98437	0.98795	0.99043	0.99208	0.99327	0.99408	0.99478	0.99535	0.99583	0.99625	0.99655	0.99678	0.99694
batch 184  MS-SSIM: 0.92467	0.96562	0.97819	0.98429	0.98789	0.99038	0.99203	0.99322	0.99404	0.99475	0.99531	0.99580	0.99622	0.99653	0.99676	0.99692
batch 185  MS-SSIM: 0.92481	0.96568	0.97823	0.98432	0.98791	0.99040	0.99205	0.99324	0.99405	0.99476	0.99533	0.99581	0.99623	0.99654	0.99677	0.99693
batch 186  MS-SSIM: 0.92504	0.96581	0.97832	0.98438	0.98796	0.99043	0.99208	0.99327	0.99408	0.99478	0.99535	0.99583	0.99625	0.99655	0.99678	0.99694
batch 187  MS-SSIM: 0.92515	0.96588	0.97836	0.98441	0.98799	0.99046	0.99210	0.99328	0.99409	0.99479	0.99536	0.99584	0.99626	0.99656	0.99679	0.99695
batch 188  MS-SSIM: 0.92495	0.96575	0.97827	0.98433	0.98792	0.99040	0.99205	0.99324	0.99405	0.99476	0.99532	0.99581	0.99623	0.99653	0.99676	0.99693
batch 189  MS-SSIM: 0.92505	0.96580	0.97831	0.98436	0.98795	0.99042	0.99207	0.99326	0.99407	0.99477	0.99534	0.99582	0.99624	0.99654	0.99677	0.99693
batch 190  MS-SSIM: 0.92529	0.96593	0.97839	0.98443	0.98800	0.99046	0.99210	0.99328	0.99409	0.99479	0.99535	0.99583	0.99626	0.99656	0.99679	0.99694
batch 191  MS-SSIM: 0.92546	0.96603	0.97846	0.98448	0.98804	0.99049	0.99212	0.99331	0.99411	0.99481	0.99537	0.99585	0.99627	0.99657	0.99680	0.99695
batch 192  MS-SSIM: 0.92573	0.96617	0.97855	0.98454	0.98809	0.99053	0.99216	0.99333	0.99413	0.99483	0.99539	0.99586	0.99628	0.99658	0.99681	0.99697
batch 193  MS-SSIM: 0.92559	0.96607	0.97847	0.98448	0.98803	0.99048	0.99211	0.99330	0.99410	0.99480	0.99536	0.99584	0.99626	0.99656	0.99679	0.99695
batch 194  MS-SSIM: 0.92581	0.96619	0.97855	0.98454	0.98807	0.99052	0.99214	0.99332	0.99412	0.99482	0.99538	0.99585	0.99627	0.99657	0.99680	0.99696
batch 195  MS-SSIM: 0.92565	0.96607	0.97846	0.98446	0.98801	0.99046	0.99210	0.99328	0.99408	0.99478	0.99535	0.99583	0.99625	0.99655	0.99678	0.99694
batch 196  MS-SSIM: 0.92547	0.96599	0.97841	0.98444	0.98800	0.99046	0.99209	0.99328	0.99408	0.99479	0.99535	0.99583	0.99625	0.99655	0.99678	0.99694
batch 197  MS-SSIM: 0.92563	0.96610	0.97849	0.98449	0.98804	0.99049	0.99212	0.99330	0.99410	0.99480	0.99537	0.99584	0.99626	0.99656	0.99679	0.99695
batch 198  MS-SSIM: 0.92585	0.96621	0.97857	0.98455	0.98809	0.99053	0.99215	0.99333	0.99413	0.99482	0.99538	0.99586	0.99628	0.99658	0.99681	0.99696
batch 199  MS-SSIM: 0.92595	0.96627	0.97861	0.98458	0.98811	0.99055	0.99217	0.99334	0.99414	0.99484	0.99539	0.99587	0.99629	0.99658	0.99681	0.99697
batch 200  MS-SSIM: 0.92575	0.96615	0.97852	0.98451	0.98805	0.99050	0.99213	0.99330	0.99411	0.99480	0.99536	0.99584	0.99626	0.99656	0.99679	0.99695
